shape_id,shape_pt_lat,shape_pt_lon,shape_pt_sequence
14279,47.699335281,-116.81581868,1
14279,47.700137945,-116.815855238,2
14279,47.700215156,-116.815753079,3
14279,47.700217066,-116.815489092,4
14279,47.700153366,-116.815419413,5
14279,47.69938759,-116.815420923,6
14279,47.699295141,-116.815442256,7
14279,47.699263495,-116.815436736,8
14279,47.69926,-116.81483,9
14279,47.69928301,-116.814530668,10
14279,47.69942,-116.8145,11
14279,47.70008,-116.81452,12
14279,47.70038,-116.81449,13
14279,47.70051,-116.81445,14
14279,47.70043,-116.81377,15
14279,47.70026,-116.81301,16
14279,47.69993,-116.81171,17
14279,47.69948,-116.81007,18
14279,47.69936,-116.80968,19
14279,47.699,-116.80879,20
14279,47.69884,-116.80849,21
14279,47.69868,-116.80825,22
14279,47.69826,-116.80777,23
14279,47.69755,-116.80718,24
14279,47.69746,-116.80708,25
14279,47.6974,-116.80698,26
14279,47.69736,-116.80682,27
14279,47.69734,-116.80601,28
14279,47.69738,-116.80395,29
14279,47.69735,-116.80271,30
14279,47.69731,-116.80241,31
14279,47.6972,-116.80188,32
14279,47.69704,-116.80136,33
14279,47.69691,-116.80105,34
14279,47.69621,-116.79961,35
14279,47.69608,-116.79927,36
14279,47.69598,-116.79895,37
14279,47.69588,-116.79851,38
14279,47.69582,-116.79801,39
14279,47.69579,-116.79765,40
14279,47.69579,-116.79681,41
14279,47.69576,-116.79654,42
14279,47.69572,-116.79642,43
14279,47.69565,-116.79629,44
14279,47.69554,-116.79618,45
14279,47.69544,-116.79613,46
14279,47.69534,-116.79611,47
14279,47.69475,-116.79612,48
14279,47.69457,-116.79606,49
14279,47.69447,-116.79598,50
14279,47.69439,-116.79586,51
14279,47.69432,-116.79573,52
14279,47.69428,-116.79559,53
14279,47.69415,-116.79535,54
14279,47.69259,-116.79536,55
14279,47.69258,-116.79194,56
14279,47.69258,-116.79173,57
14279,47.69182,-116.79174,58
14279,47.68895,-116.79182,59
14279,47.68879,-116.79186,60
14279,47.68817,-116.79178,61
14279,47.68799,-116.7918,62
14279,47.6861,-116.79182,63
14279,47.68289,-116.79182,64
14279,47.68288,-116.79358,65
14279,47.68279,-116.79396,66
14279,47.68248,-116.79463,67
14279,47.68236,-116.79478,68
14279,47.68224,-116.79489,69
14279,47.68184,-116.79518,70
14279,47.68158,-116.79532,71
14279,47.68064,-116.79537,72
14279,47.68039,-116.79536,73
14279,47.68015,-116.79537,74
14279,47.68006,-116.79535,75
14279,47.6799,-116.7953,76
14279,47.67977,-116.79522,77
14279,47.67952,-116.79488,78
14279,47.67939,-116.79477,79
14279,47.67925,-116.79469,80
14279,47.67905,-116.79469,81
14279,47.67901,-116.79323,82
14279,47.67902,-116.79303,83
14279,47.67905,-116.79287,84
14279,47.6791,-116.79272,85
14279,47.67925,-116.79245,86
14279,47.67955,-116.79211,87
14279,47.67989,-116.79151,88
14279,47.67638,-116.78806,89
14279,47.67607,-116.78781,90
14279,47.67581,-116.78763,91
14279,47.67417,-116.78655,92
14279,47.6743,-116.78613,93
14279,47.67435,-116.78605,94
14279,47.67438,-116.78558,95
14279,47.67419,-116.7757,96
14279,47.67417,-116.77554,97
14279,47.67414,-116.77548,98
14279,47.67408,-116.77541,99
14279,47.67403,-116.77538,100
14279,47.67394,-116.77536,101
14279,47.67334,-116.77533,102
14279,47.67332,-116.75648,103
14279,47.67332,-116.755,104
14279,47.67414,-116.75501,105
14279,47.67414,-116.75355,106
14279,47.67331,-116.75353,107
14279,47.67337,-116.75929,108
14279,47.67334,-116.77533,109
14279,47.674,-116.77537,110
14279,47.6741,-116.77543,111
14279,47.67418,-116.77559,112
14279,47.67422,-116.7768,113
14279,47.6743,-116.78117,114
14279,47.68623,-116.78069,115
14279,47.69017,-116.78076,116
14279,47.69539,-116.78075,117
14279,47.69606,-116.78073,118
14279,47.69606,-116.78143,119
14279,47.696,-116.78169,120
14279,47.69587,-116.78196,121
14279,47.69579,-116.78206,122
14279,47.69571,-116.78212,123
14279,47.69548,-116.78221,124
14279,47.6934,-116.78221,125
14279,47.69342,-116.78624,126
14279,47.6943,-116.78636,127
14279,47.69501,-116.78636,128
14279,47.69497,-116.78789,129
14279,47.6943,-116.7946,130
14279,47.69423,-116.79508,131
14279,47.69425,-116.79528,132
14279,47.69431,-116.79553,133
14279,47.69447,-116.79598,134
14279,47.69457,-116.79606,135
14279,47.69475,-116.79612,136
14279,47.69534,-116.79611,137
14279,47.69544,-116.79613,138
14279,47.69554,-116.79618,139
14279,47.69562,-116.79626,140
14279,47.69572,-116.79642,141
14279,47.69577,-116.79658,142
14279,47.69579,-116.79674,143
14279,47.69579,-116.79779,144
14279,47.69588,-116.79851,145
14279,47.69596,-116.79886,146
14279,47.69608,-116.79927,147
14279,47.69629,-116.79978,148
14279,47.69603,-116.80005,149
14279,47.69583,-116.8003,150
14279,47.69565,-116.8006,151
14279,47.69536,-116.80122,152
14279,47.69527,-116.80133,153
14279,47.69518,-116.80142,154
14279,47.6944,-116.80194,155
14279,47.69429,-116.80205,156
14279,47.69419,-116.80218,157
14279,47.69373,-116.80325,158
14279,47.69355,-116.8038,159
14279,47.69322,-116.80466,160
14279,47.69348,-116.80489,161
14279,47.69366,-116.8052,162
14279,47.69373,-116.80542,163
14279,47.69377,-116.8056,164
14279,47.69378,-116.80581,165
14279,47.6937,-116.80683,166
14279,47.69373,-116.80719,167
14279,47.69437,-116.80875,168
14279,47.69462,-116.80925,169
14279,47.6948,-116.80948,170
14279,47.69505,-116.80971,171
14279,47.6969,-116.81069,172
14279,47.69712,-116.81088,173
14279,47.69729,-116.81107,174
14279,47.69751,-116.81146,175
14279,47.69758,-116.81165,176
14279,47.69772,-116.81214,177
14279,47.69787,-116.81289,178
14279,47.69797,-116.81365,179
14279,47.69803,-116.81397,180
14279,47.69818,-116.81429,181
14279,47.69832,-116.81442,182
14279,47.69845,-116.81448,183
14279,47.69923,-116.81452,184
14279,47.69929,-116.81461,185
14279,47.699292041,-116.814861974,186
14279,47.699291263,-116.815552003,187
14279,47.699268737,-116.815790074,188
14279,47.699334885,-116.815825312,189
14281,47.69933,-116.81584,1
14281,47.70016,-116.81588,2
14281,47.70021,-116.81578,3
14281,47.70021,-116.81554,4
14281,47.70017,-116.81544,5
14281,47.69934,-116.8154,6
14281,47.69927,-116.81541,7
14281,47.69927,-116.81535,8
14281,47.69928,-116.81511,9
14281,47.69928,-116.8145,10
14281,47.69934,-116.8145,11
14281,47.70009,-116.81451,12
14281,47.70038,-116.81448,13
14281,47.70047,-116.81446,14
14281,47.70049,-116.81464,15
14281,47.70062,-116.81819,16
14281,47.70083,-116.82077,17
14281,47.70084,-116.82148,18
14281,47.70081,-116.83115,19
14281,47.70089,-116.83242,20
14281,47.70103,-116.83329,21
14281,47.7013,-116.83438,22
14281,47.70318,-116.84072,23
14281,47.70368,-116.8426,24
14281,47.70385,-116.84336,25
14281,47.70442,-116.84626,26
14281,47.70477,-116.84813,27
14281,47.70491,-116.84897,28
14281,47.70501,-116.84978,29
14281,47.70513,-116.85122,30
14281,47.70518,-116.85278,31
14281,47.70532,-116.8602,32
14281,47.70543,-116.86466,33
14281,47.70546,-116.86826,34
14281,47.70562,-116.87566,35
14281,47.70565,-116.87661,36
14281,47.70578,-116.87816,37
14281,47.7059,-116.87913,38
14281,47.70606,-116.88023,39
14281,47.70602,-116.88035,40
14281,47.70719,-116.88605,41
14281,47.70747,-116.88725,42
14281,47.7088,-116.89261,43
14281,47.70905,-116.89377,44
14281,47.70943,-116.8953,45
14281,47.70912,-116.89538,46
14281,47.70876,-116.89541,47
14281,47.70859,-116.89538,48
14281,47.70839,-116.89529,49
14281,47.70812,-116.8951,50
14281,47.70809,-116.89586,51
14281,47.70812,-116.89723,52
14281,47.70832,-116.89722,53
14281,47.70849,-116.89726,54
14281,47.70868,-116.89736,55
14281,47.70909,-116.89766,56
14281,47.70926,-116.89775,57
14281,47.70947,-116.8978,58
14281,47.70975,-116.89778,59
14281,47.7101,-116.89769,60
14281,47.71068,-116.8999,61
14281,47.71084,-116.90063,62
14281,47.71095,-116.90142,63
14281,47.71104,-116.90246,64
14281,47.71107,-116.90355,65
14281,47.71105,-116.90425,66
14281,47.71049,-116.91713,67
14281,47.71046,-116.91832,68
14281,47.7105,-116.92014,69
14281,47.71057,-116.92121,70
14281,47.71067,-116.92228,71
14281,47.71093,-116.92438,72
14281,47.71103,-116.92547,73
14281,47.71036,-116.92556,74
14281,47.7102,-116.92566,75
14281,47.71011,-116.92582,76
14281,47.71006,-116.92609,77
14281,47.71001,-116.92624,78
14281,47.70992,-116.92634,79
14281,47.70985,-116.92638,80
14281,47.70978,-116.9264,81
14281,47.70927,-116.92639,82
14281,47.70918,-116.9264,83
14281,47.70906,-116.92646,84
14281,47.70895,-116.92659,85
14281,47.70881,-116.92665,86
14281,47.70817,-116.92663,87
14281,47.70821,-116.9305,88
14281,47.70821,-116.9481,89
14281,47.72334,-116.94806,90
14281,47.72431,-116.94803,91
14281,47.73053,-116.948,92
14281,47.7305,-116.93737,93
14281,47.72943,-116.93739,94
14281,47.7287,-116.93736,95
14281,47.72784,-116.93736,96
14281,47.72733,-116.93732,97
14281,47.7248,-116.93724,98
14281,47.71964,-116.93725,99
14281,47.71787,-116.93727,100
14281,47.71603,-116.93726,101
14281,47.71599,-116.93545,102
14281,47.71601,-116.9313,103
14281,47.71599,-116.92797,104
14281,47.71597,-116.92719,105
14281,47.71594,-116.91911,106
14281,47.71591,-116.91581,107
14281,47.71591,-116.91097,108
14281,47.71588,-116.90505,109
14281,47.71408,-116.90504,110
14281,47.71405,-116.90117,111
14281,47.71451,-116.90115,112
14281,47.71451,-116.89979,113
14281,47.71445,-116.89767,114
14281,47.71453,-116.89754,115
14281,47.71579,-116.89754,116
14281,47.71578,-116.89446,117
14281,47.71505,-116.89439,118
14281,47.71341,-116.89452,119
14281,47.71198,-116.89486,120
14281,47.71001,-116.89527,121
14281,47.70943,-116.8953,122
14281,47.70905,-116.89377,123
14281,47.7088,-116.89261,124
14281,47.70747,-116.88725,125
14281,47.70719,-116.88605,126
14281,47.70602,-116.88035,127
14281,47.70597,-116.88035,128
14281,47.70595,-116.88031,129
14281,47.70582,-116.87969,130
14281,47.70564,-116.87843,131
14281,47.70546,-116.87663,132
14281,47.70503,-116.87105,133
14281,47.70493,-116.8693,134
14281,47.70495,-116.86467,135
14281,47.70497,-116.86401,136
14281,47.70504,-116.853,137
14281,47.70504,-116.85209,138
14281,47.70498,-116.85075,139
14281,47.70495,-116.85042,140
14281,47.70482,-116.84953,141
14281,47.70467,-116.84871,142
14281,47.70358,-116.8431,143
14281,47.7034,-116.84229,144
14281,47.70322,-116.84156,145
14281,47.70238,-116.83929,146
14281,47.70207,-116.83837,147
14281,47.70124,-116.83538,148
14281,47.70098,-116.83431,149
14281,47.70082,-116.83355,150
14281,47.70069,-116.83283,151
14281,47.70058,-116.8319,152
14281,47.70052,-116.83074,153
14281,47.70058,-116.82809,154
14281,47.70051,-116.82787,155
14281,47.70055,-116.82771,156
14281,47.70053,-116.81873,157
14281,47.70049,-116.81467,158
14281,47.70047,-116.8145,159
14281,47.70047,-116.81446,160
14281,47.70014,-116.81451,161
14281,47.69928,-116.8145,162
14281,47.69928,-116.81539,163
14281,47.69929,-116.81558,164
14281,47.69926,-116.81579,165
14281,47.69933,-116.81583,166
14283,47.69932,-116.81582,1
14283,47.70016,-116.81584,2
14283,47.70022,-116.81577,3
14283,47.70023,-116.81549,4
14283,47.70018,-116.81542,5
14283,47.69935,-116.81541,6
14283,47.69927,-116.81543,7
14283,47.69927,-116.81455,8
14283,47.69927,-116.81447,9
14283,47.70036,-116.81446,10
14283,47.70047,-116.81435,11
14283,47.70043,-116.81377,12
14283,47.70026,-116.81301,13
14283,47.69993,-116.81171,14
14283,47.69948,-116.81007,15
14283,47.69936,-116.80968,16
14283,47.699,-116.80879,17
14283,47.69884,-116.80849,18
14283,47.69868,-116.80825,19
14283,47.69826,-116.80777,20
14283,47.69761,-116.80723,21
14283,47.69746,-116.80708,22
14283,47.6974,-116.80698,23
14283,47.69736,-116.80682,24
14283,47.69734,-116.80609,25
14283,47.69856,-116.80708,26
14283,47.69872,-116.80718,27
14283,47.69975,-116.80762,28
14283,47.70037,-116.80783,29
14283,47.7007,-116.8079,30
14283,47.701,-116.80793,31
14283,47.70483,-116.80798,32
14283,47.7136,-116.80813,33
14283,47.72047,-116.80822,34
14283,47.72277,-116.80827,35
14283,47.73331,-116.8084,36
14283,47.73724,-116.80839,37
14283,47.7445,-116.80832,38
14283,47.7445,-116.8083,39
14283,47.74452,-116.8083,40
14283,47.74449,-116.80599,41
14283,47.74445,-116.79542,42
14283,47.73718,-116.7954,43
14283,47.73717,-116.79838,44
14283,47.73722,-116.80322,45
14283,47.73723,-116.80361,46
14283,47.73729,-116.80409,47
14283,47.73741,-116.80449,48
14283,47.73754,-116.80471,49
14283,47.73774,-116.80495,50
14283,47.7382,-116.8052,51
14283,47.73863,-116.80548,52
14283,47.7388,-116.8057,53
14283,47.73895,-116.806,54
14283,47.739,-116.80615,55
14283,47.73906,-116.80675,56
14283,47.73906,-116.80838,57
14283,47.74452,-116.8083,58
14283,47.74452,-116.80897,59
14283,47.74459,-116.81051,60
14283,47.74461,-116.81173,61
14283,47.74476,-116.82607,62
14283,47.74473,-116.82754,63
14283,47.74469,-116.82839,64
14283,47.7447,-116.8296,65
14283,47.75196,-116.82952,66
14283,47.75173,-116.80738,67
14283,47.75178,-116.79053,68
14283,47.75176,-116.78667,69
14283,47.74562,-116.7867,70
14283,47.74302,-116.78674,71
14283,47.73717,-116.78677,72
14283,47.72265,-116.78672,73
14283,47.71838,-116.78667,74
14283,47.71538,-116.78668,75
14283,47.71168,-116.78652,76
14283,47.70988,-116.7865,77
14283,47.70565,-116.78639,78
14283,47.70428,-116.78638,79
14283,47.70322,-116.78635,80
14283,47.70254,-116.78631,81
14283,47.70094,-116.78629,82
14283,47.69879,-116.7863,83
14283,47.69608,-116.78633,84
14283,47.69501,-116.78636,85
14283,47.69497,-116.78789,86
14283,47.69423,-116.79484,87
14283,47.69425,-116.79546,88
14283,47.69434,-116.79581,89
14283,47.69447,-116.79598,90
14283,47.69457,-116.79606,91
14283,47.69475,-116.79612,92
14283,47.69534,-116.79611,93
14283,47.69544,-116.79613,94
14283,47.69554,-116.79618,95
14283,47.69562,-116.79626,96
14283,47.69573,-116.79646,97
14283,47.69579,-116.79674,98
14283,47.69579,-116.79765,99
14283,47.69583,-116.79816,100
14283,47.69588,-116.79851,101
14283,47.69598,-116.79895,102
14283,47.69608,-116.79927,103
14283,47.69621,-116.79961,104
14283,47.69691,-116.80105,105
14283,47.69704,-116.80136,106
14283,47.6972,-116.80188,107
14283,47.69731,-116.80241,108
14283,47.69735,-116.80271,109
14283,47.69737,-116.80315,110
14283,47.69738,-116.80395,111
14283,47.69734,-116.80596,112
14283,47.69735,-116.80674,113
14283,47.69738,-116.80689,114
14283,47.69746,-116.80708,115
14283,47.69755,-116.80718,116
14283,47.69826,-116.80777,117
14283,47.69847,-116.808,118
14283,47.69868,-116.80825,119
14283,47.69884,-116.80849,120
14283,47.699,-116.80879,121
14283,47.69936,-116.80968,122
14283,47.69948,-116.81007,123
14283,47.69993,-116.81171,124
14283,47.70026,-116.81301,125
14283,47.70043,-116.81377,126
14283,47.70046,-116.81453,127
14283,47.69929,-116.81454,128
14283,47.69929,-116.81554,129
14283,47.69927,-116.81579,130
14283,47.69932,-116.81582,131