shape_id,shape_pt_lat,shape_pt_lon,shape_pt_sequence,shape_dist_traveled
p_1277089,45.435676,-122.568588,1,0
p_1277089,45.43565,-122.568585,2,2.89916652
p_1277089,45.435564,-122.568572,3,12.51120725
p_1277089,45.435588,-122.568668,4,20.48246042
p_1277089,45.435572,-122.568822,5,32.66302274
p_1277089,45.435565,-122.568898,6,38.66048023
p_1277089,45.435528,-122.569036,7,50.21510424
p_1277089,45.43546,-122.569019,8,57.88881559
p_1277089,45.435404,-122.569007,9,64.18310233
p_1277089,45.43536,-122.568998,10,69.12372205
p_1277089,45.435222,-122.568976,11,84.55738538
p_1277089,45.435017,-122.568944,12,107.47832055
p_1277089,45.434738,-122.568914,13,138.57518619
p_1277089,45.434549,-122.568926,14,159.60167404
p_1277089,45.434436,-122.568908,15,172.23925789
p_1277089,45.434427,-122.569013,16,180.51603849
p_1277089,45.434437,-122.569238,17,198.1570471
p_1277089,45.43444,-122.569447,18,214.51442807
p_1277089,45.434441,-122.569656,19,230.86878761
p_1277089,45.434441,-122.570098,20,265.45472032
p_1277089,45.434442,-122.570322,21,282.98278502
p_1277089,45.434453,-122.570987,22,335.03253505
p_1277089,45.434455,-122.571175,23,349.74496962
p_1277089,45.433887,-122.571194,24,412.89014334
p_1277089,45.433463,-122.571182,25,460.02296489
p_1277089,45.433368,-122.571177,26,470.58853504
p_1277089,45.433191,-122.571064,27,492.15625772
p_1277089,45.433202,-122.570207,28,559.22802451
p_1277089,45.433207,-122.569772,29,593.27149526
p_1277089,45.433208,-122.569727,30,596.79451771
p_1277089,45.43321,-122.569602,31,606.57834544
p_1277089,45.433221,-122.568866,32,664.18362162
p_1277089,45.433225,-122.56858,33,686.56765102
p_1277089,45.433225,-122.568384,34,701.90472883
p_1277089,45.433212,-122.567721,35,753.80486277
p_1277089,45.43322,-122.567511,36,770.26148514
p_1277089,45.433222,-122.567465,37,773.86786035
p_1277089,45.433276,-122.567359,38,784.10593882
p_1277089,45.433279,-122.567224,39,794.67499312
p_1277089,45.43328,-122.567157,40,799.91894256
p_1277089,45.433289,-122.56677,41,830.21832952
p_1277089,45.433294,-122.566505,42,850.962105
p_1277089,45.433311,-122.565769,43,908.58530183
p_1277089,45.433316,-122.565511,44,928.78151924
p_1277089,45.433325,-122.56518,45,954.70166429
p_1277089,45.433327,-122.565023,46,966.98896543
p_1277089,45.433329,-122.564967,47,971.37661373
p_1277089,45.433267,-122.564749,48,989.77433927
p_1277089,45.433268,-122.564699,49,993.68843441
p_1277089,45.433278,-122.564372,50,1019.30041791
p_1277089,45.433291,-122.563835,51,1061.34566889
p_1277089,45.432966,-122.563833,52,1097.46658655
p_1277089,45.432889,-122.563833,53,1106.02438488
p_1277089,45.432724,-122.563834,54,1124.36269071
p_1277089,45.432524,-122.563835,55,1146.59087486
p_1277089,45.432352,-122.563836,56,1165.70715431
p_1277089,45.432109,-122.563835,57,1192.7143422
p_1277089,45.431519,-122.563833,58,1258.28725654
p_1277089,45.431057,-122.563828,59,1309.6355224
p_1277089,45.430907,-122.563812,60,1326.3535033
p_1277089,45.430753,-122.563772,61,1343.75296481
p_1277089,45.430704,-122.563754,62,1349.37804814
p_1277089,45.430498,-122.563677,63,1373.05256789
p_1277089,45.430404,-122.563644,64,1383.81417839
p_1277089,45.430362,-122.563628,65,1388.64707139
p_1277089,45.429929,-122.563473,66,1438.2758385
p_1277089,45.429647,-122.563371,67,1470.61782689
p_1277089,45.429542,-122.563326,68,1482.80729936
p_1277089,45.429409,-122.563267,69,1498.29324073
p_1277089,45.429306,-122.563222,70,1510.27008683
p_1277089,45.429194,-122.563177,71,1523.20632542
p_1277089,45.429114,-122.563157,72,1532.23424174
p_1277089,45.428911,-122.563109,73,1555.10625367
p_1277089,45.428809,-122.563103,74,1566.45226959
p_1277089,45.428773,-122.563102,75,1570.45408048
p_1277089,45.42871,-122.563098,76,1577.46290396
p_1277089,45.428595,-122.563102,77,1590.24785437
p_1277089,45.428573,-122.563104,78,1592.69794196
p_1277089,45.428473,-122.563112,79,1603.8295761
p_1277089,45.428385,-122.563122,80,1613.64116791
p_1277089,45.428347,-122.56313,81,1617.91064409
p_1277089,45.428293,-122.563145,82,1624.02593313
p_1277089,45.428248,-122.563157,83,1629.11464142
p_1277089,45.428165,-122.56319,84,1638.69394735
p_1277089,45.428085,-122.563223,85,1647.95261499
p_1277089,45.42802,-122.563242,86,1655.3281561
p_1277089,45.427946,-122.563255,87,1663.61521041
p_1277089,45.42788,-122.563262,88,1670.9708865
p_1277089,45.427816,-122.563263,89,1678.08428587
p_1277089,45.427752,-122.563258,90,1685.2080091
p_1277089,45.427692,-122.56325,91,1691.90574183
p_1277089,45.427635,-122.563236,92,1698.33477266
p_1277089,45.427585,-122.56322,93,1704.0311008
p_1277089,45.427473,-122.563174,94,1716.98888785
p_1277089,45.427357,-122.563118,95,1730.6056533
p_1277089,45.427016,-122.56293,96,1771.26004569
p_1277089,45.427004,-122.562923,97,1772.70185193
p_1277089,45.426958,-122.562897,98,1778.20432821
p_1277089,45.426332,-122.562557,99,1852.69257652
p_1277089,45.426231,-122.562502,100,1864.71468149
p_1277089,45.426021,-122.562388,101,1889.70117191
p_1277089,45.425717,-122.562221,102,1925.92748671
p_1277089,45.425239,-122.561964,103,1982.732405
p_1277089,45.425191,-122.561937,104,1988.47037528
p_1277089,45.425001,-122.56183,105,2011.18678476
p_1277089,45.424891,-122.561761,106,2024.5517145
p_1277089,45.424823,-122.561716,107,2032.88953096
p_1277089,45.424753,-122.561662,108,2041.74310235
p_1277089,45.424709,-122.561628,109,2047.3103417
p_1277089,45.424707,-122.561626,110,2047.58220257
p_1277089,45.424679,-122.561604,111,2051.13868186
p_1277089,45.424618,-122.561558,112,2058.814793
p_1277089,45.424518,-122.561471,113,2071.84864369
p_1277089,45.424388,-122.561379,114,2087.991535
p_1277089,45.424326,-122.561511,115,2100.40943631
p_1277089,45.424292,-122.56159,116,2107.65550425
p_1277089,45.424246,-122.561682,117,2116.48610992
p_1277089,45.424188,-122.561794,118,2127.36661669
p_1277089,45.424125,-122.561913,119,2139.01834978
p_1277089,45.424065,-122.562017,120,2149.54054937
p_1277089,45.424002,-122.562114,121,2159.86802359
p_1277089,45.423946,-122.562186,122,2168.26378909
p_1277089,45.42388,-122.562235,123,2176.5410026
p_1277089,45.423805,-122.562269,124,2185.29093481
p_1277089,45.423734,-122.562287,125,2193.30664159
p_1277089,45.423685,-122.562287,126,2198.75250443
p_1277089,45.423632,-122.562288,127,2204.64344735
p_1277089,45.423533,-122.562264,128,2215.80548882
p_1277089,45.423398,-122.562219,129,2231.21719969
p_1277089,45.423271,-122.562169,130,2245.86439583
p_1277089,45.423131,-122.562104,131,2262.23451257
p_1277089,45.422869,-122.561975,132,2293.05382329
p_1277089,45.422737,-122.561903,133,2308.76932843
p_1277089,45.422582,-122.561822,134,2327.12547741
p_1277089,45.422463,-122.561759,135,2341.2403653
p_1277089,45.422411,-122.561726,136,2347.57050912
p_1277089,45.42235,-122.561682,137,2355.17452772
p_1277089,45.422267,-122.561612,138,2365.90339254
p_1277089,45.422195,-122.561544,139,2375.51368081
p_1277089,45.422128,-122.561477,140,2384.62115303
p_1277089,45.422094,-122.56145,141,2388.95065001
p_1277089,45.422061,-122.561424,142,2393.14496817
p_1277089,45.422025,-122.5614,143,2397.56499545
p_1277089,45.421986,-122.561379,144,2402.20060974
p_1277089,45.421932,-122.561354,145,2408.51307467
p_1277089,45.421888,-122.561316,146,2414.23662254
p_1277089,45.421792,-122.561271,147,2425.47233823
p_1277089,45.421549,-122.561246,148,2452.55014982
p_1277089,45.421445,-122.561274,149,2464.31462442
p_1277089,45.421395,-122.561285,150,2469.9379209
p_1277089,45.421344,-122.561321,151,2476.26774796
p_1277089,45.421298,-122.561343,152,2481.66236439
p_1277089,45.421249,-122.561378,153,2487.75837872
p_1277089,45.421204,-122.561422,154,2493.83064346
p_1277089,45.421164,-122.561474,155,2499.85785949
p_1277089,45.421133,-122.561526,156,2505.1902474
p_1277089,45.421103,-122.561592,157,2511.33846893
p_1277089,45.42108,-122.561659,158,2517.17222826
p_1277089,45.421046,-122.561786,159,2527.80619887
p_1277089,45.421024,-122.561871,160,2534.89400815
p_1277089,45.421006,-122.561938,161,2540.50655137
p_1277089,45.420938,-122.562222,162,2563.9841278
p_1277089,45.420927,-122.56227,163,2567.93487566
p_1277089,45.420899,-122.562375,164,2576.72241531
p_1277089,45.420842,-122.562589,165,2594.62964724
p_1277089,45.420754,-122.562919,166,2622.24767796
p_1277089,45.420643,-122.563333,167,2656.91947674
p_1277089,45.420621,-122.563414,168,2663.71433554
p_1277089,45.420507,-122.563852,169,2700.26208404
p_1277089,45.420476,-122.563969,170,2710.04612813
p_1277089,45.420306,-122.564619,171,2764.315535
p_1277089,45.420143,-122.565237,172,2815.96652709
p_1277089,45.420139,-122.565251,173,2817.14903317
p_1277089,45.4199,-122.566152,174,2892.50579357
p_1277089,45.419686,-122.566954,175,2959.63226634
p_1277089,45.419607,-122.567259,176,2985.06779819
p_1277089,45.419502,-122.567666,177,3018.99361539
p_1277089,45.419435,-122.567928,178,3040.81031881
p_1277089,45.419275,-122.568545,179,3092.27255509
p_1277089,45.419245,-122.568651,180,3101.21404537
p_1277089,45.419214,-122.568717,181,3107.42338329
p_1277089,45.41918,-122.568765,182,3112.75195615
p_1277089,45.419145,-122.568802,183,3117.6014958
p_1277089,45.419115,-122.56883,184,3121.59145858
p_1277089,45.419062,-122.568866,185,3128.12112622
p_1277089,45.419028,-122.568875,186,3131.96498367
p_1277089,45.418982,-122.568882,187,3137.10669647
p_1277089,45.418922,-122.568879,188,3143.7792272
p_1277089,45.418859,-122.568866,189,3150.85459173
p_1277089,45.418447,-122.568633,190,3200.14234536
p_1277089,45.417917,-122.568332,191,3263.58332285
p_1277089,45.417679,-122.568206,192,3291.81336537
p_1277089,45.41754,-122.568122,193,3308.60274446
p_1277089,45.417463,-122.568065,194,3318.253682
p_1277089,45.417408,-122.568017,195,3325.4286806
p_1277089,45.417135,-122.5678,196,3360.20054847
p_1277089,45.417064,-122.56774,197,3369.38328543
p_1277089,45.416954,-122.567665,198,3382.94508886
p_1277089,45.416838,-122.567599,199,3396.8338376
p_1277089,45.415991,-122.56713,200,3497.87413771
p_1277089,45.41565,-122.566937,201,3538.67282011
p_1277089,45.415614,-122.566923,202,3542.82121383
p_1277089,45.415554,-122.566895,203,3549.84054419
p_1277089,45.415396,-122.566854,204,3567.69150126
p_1277089,45.415239,-122.56681,205,3585.47711873
p_1277089,45.415142,-122.566779,206,3596.52740149
p_1277089,45.415032,-122.566727,207,3609.41257296
p_1277089,45.414647,-122.566508,208,3655.50756236
p_1277089,45.414511,-122.566432,209,3671.751158
p_1277089,45.41442,-122.566382,210,3682.59576336
p_1277089,45.414327,-122.566309,211,3694.40613711
p_1277089,45.414234,-122.566217,212,3707.00351273
p_1277089,45.414183,-122.566155,213,3714.46547212
p_1277089,45.414141,-122.566086,214,3721.60416098
p_1277089,45.414109,-122.566042,215,3726.5550081
p_1277089,45.41406,-122.565937,216,3736.41454208
p_1277089,45.414001,-122.565762,217,3751.60155572
p_1277089,45.413964,-122.56562,218,3763.45316262
p_1277089,45.413917,-122.565291,219,3789.73072543
p_1277089,45.413834,-122.564646,220,3841.05525501
p_1277089,45.413811,-122.564502,221,3852.61338514
p_1277089,45.413782,-122.56438,222,3862.69243366
p_1277089,45.413732,-122.564259,223,3873.67380363
p_1277089,45.413677,-122.564152,224,3884.04284401
p_1277089,45.413615,-122.564067,225,3893.62154548
p_1277089,45.413539,-122.563982,226,3904.37402542
p_1277089,45.413462,-122.563915,227,3914.4110204
p_1277089,45.413377,-122.563869,228,3924.52088119
p_1277089,45.4133,-122.563841,229,3933.35486723
p_1277089,45.413251,-122.56383,230,3938.86837186
p_1277089,45.413143,-122.563825,231,3950.87785534
p_1277089,45.412795,-122.563826,232,3989.55460164
p_1277089,45.412768,-122.563826,233,3992.55537744
p_1277089,45.412158,-122.563828,234,4060.35085942
p_1277089,45.412169,-122.564797,235,4136.21354397
p_1277089,45.41218,-122.565205,236,4168.17496268
p_1277089,45.412263,-122.565565,237,4197.82692769
p_1277089,45.412557,-122.566491,238,4277.33765375
p_1277089,45.412581,-122.566623,239,4288.0092025
p_1277089,45.412603,-122.566835,240,4304.78348855
p_1277089,45.412611,-122.567376,241,4347.14169786
p_1277089,45.412614,-122.567901,242,4388.239461
p_1277089,45.412616,-122.568217,243,4412.97658385
p_1277089,45.412311,-122.568226,244,4446.88155478
p_1277089,45.412171,-122.56823,245,4462.44428174
p_1277089,45.412139,-122.568231,246,4466.00161774
p_1277089,45.411623,-122.568247,247,4523.36344368
p_1277089,45.411228,-122.56826,248,4567.2754651
p_1277089,45.411074,-122.568266,249,4584.39743957
p_1277089,45.411022,-122.568269,250,4590.18147922
p_1277089,45.410982,-122.568271,251,4594.6298276
p_1277089,45.41091,-122.568275,252,4602.63801782
p_1277089,45.410873,-122.568277,253,4606.75317001
p_1277089,45.410819,-122.568282,254,4612.76746931
p_1277089,45.410744,-122.568294,255,4621.15571976
p_1277089,45.410681,-122.568308,256,4628.24277818
p_1277089,45.410594,-122.568335,257,4638.14025405
p_1277089,45.410522,-122.568366,258,4646.50219693
p_1277089,45.410318,-122.568469,259,4670.5657724
p_1277089,45.410244,-122.568506,260,4679.28524482
p_1277089,45.410109,-122.568578,261,4695.3128553
p_1277089,45.409976,-122.568648,262,4711.07747853
p_1277089,45.409865,-122.568706,263,4724.22300196
p_1277089,45.409807,-122.568733,264,4731.00678771
p_1277089,45.409765,-122.568753,265,4735.93023135
p_1277089,45.409672,-122.568791,266,4746.68578936
p_1277089,45.409575,-122.568822,267,4757.73611418
p_1277089,45.409498,-122.568837,268,4766.37406333
p_1277089,45.409427,-122.568847,269,4774.30372368
p_1277089,45.409356,-122.568853,270,4782.20861479
p_1277089,45.409326,-122.568856,271,4785.55106893
p_1277089,45.409214,-122.568858,272,4797.99970842
p_1277089,45.409093,-122.568857,273,4811.44784885
p_1277089,45.408832,-122.568856,274,4840.45543436
p_1277089,45.408432,-122.568855,275,4884.91140856
p_1277089,45.408264,-122.568854,276,4903.58305195
p_1277089,45.408072,-122.568854,277,4924.92188474
p_1277089,45.40787,-122.568855,278,4947.37225079
p_1277089,45.407811,-122.568856,279,4953.9299632
p_1277089,45.407618,-122.568856,280,4975.37993404
p_1277089,45.407505,-122.568857,281,4987.93896891
p_1277089,45.407382,-122.568858,282,5001.60938109
p_1277089,45.407383,-122.568666,283,5016.64072357
p_1277089,45.407382,-122.56622,284,5208.12856147
p_1277089,45.407383,-122.565287,285,5281.16957925
p_1277089,45.407384,-122.564602,286,5334.79567339
p_1277089,45.407383,-122.564141,287,5370.88573693
p_1277089,45.407391,-122.563533,288,5418.49198673
p_1277089,45.407407,-122.563116,289,5451.18567744
p_1277089,45.407416,-122.562877,290,5469.92276411
p_1277089,45.407428,-122.562661,291,5486.88506246
p_1277089,45.407448,-122.562356,292,5510.86553992
p_1277089,45.407484,-122.561831,293,5552.15997058
p_1277089,45.407528,-122.561291,294,5594.71627096
p_1277089,45.407569,-122.560649,295,5645.18194415
p_1277089,45.407591,-122.560491,296,5657.79045449
p_1277089,45.407627,-122.560031,297,5694.02350179
p_1277089,45.407684,-122.558997,298,5775.21845093
p_1277089,45.407689,-122.558906,299,5782.36408844
p_1277089,45.407758,-122.558746,300,5797.05086009
p_1277089,45.407763,-122.55852,301,5814.75212587
p_1277089,45.407771,-122.558147,302,5843.96617695
p_1277089,45.407776,-122.557949,303,5859.476676
p_1277089,45.407777,-122.557844,304,5867.69741088
p_1277089,45.407783,-122.557466,305,5897.29686238
p_1277089,45.407783,-122.557415,306,5901.28942537
p_1277089,45.407789,-122.556713,307,5956.24992329
p_1277089,45.407789,-122.55657,308,5967.44475559
p_1277089,45.407791,-122.556221,309,5994.76731294
p_1277089,45.407793,-122.555875,310,6021.85502056
p_1277089,45.407799,-122.554862,311,6101.16106693
p_1277089,45.407799,-122.554845,312,6102.49192088
p_1277089,45.407802,-122.554429,313,6135.06040588
p_1277089,45.407804,-122.553875,314,6178.43115424
p_1277089,45.407813,-122.552981,315,6248.42555089
p_1277089,45.407818,-122.552386,316,6295.00874037
p_1277089,45.40782,-122.552215,317,6308.39740599
p_1277089,45.4078205392077,-122.551830642688,318,6338.48706903
p_1277089,45.4078206160053,-122.551830321968,319,6338.51358786
p_1277089,45.407822,-122.551445,320,6368.67910136
p_1277089,45.407822,-122.551327,321,6377.91678977
p_1277089,45.407827,-122.550505,322,6442.26986311
p_1277089,45.407834,-122.549243,323,6541.06920602
p_1277089,45.407838,-122.54844,324,6603.93401486
p_1277089,45.407845,-122.547088,325,6709.77882682
p_1277089,45.407849,-122.546304,326,6771.1562378
p_1277089,45.40785,-122.545947,327,6799.10436693
p_1277089,45.407857,-122.545307,328,6849.21309559
p_1277089,45.407858,-122.545135,329,6862.67865095
p_1277089,45.40786,-122.544741,330,6893.52391675
p_1277089,45.407863,-122.544181,331,6937.36503125
p_1277089,45.407872,-122.54266,332,7056.44137473
p_1277089,45.407879,-122.541637,333,7136.53113915
p_1277089,45.407879,-122.541625,334,7137.47056414
p_1277089,45.40788,-122.541448,335,7151.3275284
p_1277089,45.407884,-122.540691,336,7210.59125278
p_1277089,45.407886,-122.540352,337,7237.13093693
p_1277089,45.407888,-122.540043,338,7261.32214835
p_1277089,45.407892,-122.539473,339,7305.94704138
p_1277089,45.407899,-122.538594,340,7374.76429987
p_1277089,45.4079,-122.538136,341,7410.61917979
p_1277089,45.407901,-122.537954,342,7424.8675536
p_1277089,45.407903,-122.537784,343,7438.17792509
p_1277089,45.407744,-122.53777,344,7455.88310003
p_1277089,45.407539,-122.537776,345,7478.67158889
p_1277089,45.407418,-122.537773,346,7492.12154816
p_1277089,45.407275,-122.537772,347,7508.01472351
p_1277089,45.407209,-122.537769,348,7515.35370497
p_1277089,45.407118,-122.537772,349,7525.47014737
p_1277089,45.406901,-122.53778,350,7549.5955997
p_1277089,45.406841,-122.537788,351,7556.29332963
p_1277089,45.406632,-122.537808,352,7579.57424338
p_1277089,45.406342,-122.537807,353,7611.80485763
p_1277089,45.406215,-122.537806,354,7625.91981882
p_1277089,45.406083,-122.537805,355,7640.59047004
p_1277089,45.405611,-122.537802,356,7693.04893834
p_1277089,45.40517,-122.537818,357,7742.07755007
p_1277089,45.404687,-122.537821,358,7795.75853454
p_1277089,45.404641,-122.537822,359,7800.8715595
p_1277089,45.404445,-122.537823,360,7822.65507811
p_1277090,45.404445,-122.537823,1,0
p_1277090,45.404208,-122.537824,2,26.34022028
p_1277090,45.404213,-122.538033,3,42.71236473
p_1277090,45.40422,-122.53831,4,64.41277643
p_1277090,45.404219,-122.53842,5,73.02544537
p_1277090,45.404217,-122.538521,6,80.93590674
p_1277090,45.40421,-122.538598,7,87.01426647
p_1277090,45.404197,-122.538695,8,94.74466295
p_1277090,45.404179,-122.538792,9,102.59791868
p_1277090,45.404154,-122.538892,10,110.90539185
p_1277090,45.404132,-122.538971,11,117.55611035
p_1277090,45.404102,-122.539058,12,125.13967184
p_1277090,45.404083,-122.539111,13,129.79548945
p_1277090,45.404054,-122.539182,14,136.22094773
p_1277090,45.40401,-122.539278,15,145.18768787
p_1277090,45.403964,-122.539359,16,153.33337372
p_1277090,45.40392,-122.539429,17,160.6782949
p_1277090,45.403878,-122.539486,18,167.1361284
p_1277090,45.403852,-122.539522,19,171.17268247
p_1277090,45.403791,-122.539603,20,180.45586259
p_1277090,45.403622,-122.53982,21,205.78210674
p_1277090,45.403459,-122.540031,22,230.29892563
p_1277090,45.403418,-122.54009,23,236.78743663
p_1277090,45.403348,-122.540199,24,248.3351829
p_1277090,45.403281,-122.540322,25,260.508221
p_1277090,45.403248,-122.540402,26,267.76637655
p_1277090,45.403236,-122.540429,27,270.2658118
p_1277090,45.403201,-122.540531,28,279.14858932
p_1277090,45.403179,-122.540606,29,285.50920994
p_1277090,45.403153,-122.540704,30,293.70792283
p_1277090,45.403127,-122.540835,31,304.36346463
p_1277090,45.40312,-122.540895,32,309.12497015
p_1277090,45.403114,-122.540955,33,313.86958431
p_1277090,45.403106,-122.541037,34,320.35080443
p_1277090,45.403102,-122.541126,35,327.33296053
p_1277090,45.4031,-122.541249,36,336.9654435
p_1277090,45.4031,-122.542989,37,473.19355377
p_1277090,45.403099,-122.54376,38,533.55680203
p_1277090,45.403099,-122.544868,39,620.30435884
p_1277090,45.403099,-122.545299,40,654.04821893
p_1277090,45.403098,-122.54639,41,739.46488448
p_1277090,45.403098,-122.546579,42,754.26207629
p_1277090,45.403099,-122.548251,43,885.16638002
p_1277090,45.4031,-122.548479,44,903.01730613
p_1277090,45.403103,-122.549161,45,956.41350157
p_1277090,45.40311,-122.550056,46,1026.48916778
p_1277090,45.403109,-122.550236,47,1040.58216679
p_1277090,45.403122,-122.552937,48,1252.05378364
p_1277090,45.403127,-122.553901,49,1327.52930152
p_1277090,45.403144,-122.554894,50,1405.29618101
p_1277090,45.403144,-122.554964,51,1410.77661797
p_1277090,45.403145,-122.55521,52,1430.0367598
p_1277090,45.403147,-122.556086,53,1498.62087158
p_1277090,45.403148,-122.556469,54,1528.60689508
p_1277090,45.40315,-122.556875,55,1560.39420384
p_1277090,45.403151,-122.557286,56,1592.57238625
p_1277090,45.403152,-122.557799,57,1632.73630845
p_1277090,45.403152,-122.558045,58,1651.99612706
p_1277090,45.403153,-122.558284,59,1670.70823194
p_1277090,45.403153,-122.558389,60,1678.92888608
p_1277090,45.403154,-122.558855,61,1715.41310103
p_1277090,45.403154,-122.559604,62,1774.0537662
p_1277090,45.403155,-122.561,63,1883.34937391
p_1277090,45.403155,-122.561015,64,1884.52375303
p_1277090,45.403154,-122.561568,65,1927.81933967
p_1277090,45.403136,-122.562648,66,2012.39831333
p_1277090,45.40314,-122.562908,67,2032.75907805
p_1277090,45.403143,-122.563007,68,2040.51715009
p_1277090,45.403151,-122.563105,69,2048.24110596
p_1277090,45.403167,-122.563224,70,2057.72602921
p_1277090,45.403187,-122.56334,71,2067.07595011
p_1277090,45.403206,-122.563433,72,2074.65712127
p_1277090,45.403229,-122.563525,73,2082.3001101
p_1277090,45.403259,-122.563628,74,2091.02626856
p_1277090,45.403293,-122.563727,75,2099.64921283
p_1277090,45.403353,-122.563881,76,2113.42733622
p_1277090,45.403405,-122.564016,77,2125.47355813
p_1277090,45.403484,-122.564167,78,2140.19935886
p_1277090,45.403544,-122.564293,79,2152.10650092
p_1277090,45.403563,-122.564333,80,2155.88358287
p_1277090,45.403593,-122.564408,81,2162.63602435
p_1277090,45.403613,-122.564467,82,2167.76220306
p_1277090,45.403633,-122.564537,83,2173.67621115
p_1277090,45.403671,-122.564699,84,2187.04406301
p_1277090,45.403683,-122.564766,85,2192.45646408
p_1277090,45.403691,-122.564826,86,2197.23734021
p_1277090,45.4037,-122.564918,87,2204.50925171
p_1277090,45.403703,-122.564996,88,2210.62505962
p_1277090,45.403704,-122.565062,89,2215.79347284
p_1277090,45.403702,-122.565155,90,2223.07794512
p_1277090,45.403695,-122.565254,91,2230.86771932
p_1277090,45.403681,-122.56535,92,2238.54304258
p_1277090,45.403664,-122.565442,93,2245.98951558
p_1277090,45.403649,-122.565509,94,2251.49357039
p_1277090,45.403623,-122.565592,95,2258.60526923
p_1277090,45.403618,-122.565608,96,2259.97565591
p_1277090,45.403601,-122.565664,97,2264.74974647
p_1277090,45.40357,-122.565741,98,2271.69325488
p_1277090,45.403513,-122.565855,99,2282.63817558
p_1277090,45.403459,-122.565944,100,2291.83440964
p_1277090,45.403419,-122.566002,101,2298.18917961
p_1277090,45.403366,-122.566068,102,2306.02482076
p_1277090,45.403276,-122.566154,103,2318.08242655
p_1277090,45.403194,-122.566226,104,2328.79834501
p_1277090,45.403132,-122.566271,105,2336.53744513
p_1277090,45.403069,-122.566304,106,2344.0007123
p_1277090,45.402993,-122.566338,107,2352.85684937
p_1277090,45.402889,-122.56637,108,2364.68377877
p_1277090,45.402364,-122.566448,109,2423.35079767
p_1277090,45.401652,-122.56655,110,2502.88416639
p_1277090,45.401522,-122.566582,111,2517.54793681
p_1277090,45.401387,-122.566627,112,2532.95990389
p_1277090,45.40128,-122.566674,113,2545.40817451
p_1277090,45.401171,-122.566733,114,2558.37324203
p_1277090,45.401037,-122.566818,115,2574.68527857
p_1277090,45.4009,-122.566922,116,2591.95195505
p_1277090,45.400779,-122.567034,117,2608.00630526
p_1277090,45.400631,-122.567203,118,2629.11653795
p_1277090,45.400231,-122.567682,119,2687.27876785
p_1277090,45.399898,-122.568085,120,2735.91329605
p_1277090,45.399622,-122.56842,121,2776.27300999
p_1277090,45.399492,-122.568582,122,2795.49891203
p_1277090,45.399562,-122.56871,123,2808.18613075
p_1277090,45.399625,-122.5688,124,2818.11997922
p_1277090,45.399705,-122.568897,125,2829.81329458
p_1277090,45.399792,-122.568985,126,2841.68620057
p_1277090,45.399864,-122.569038,127,2850.70024293
p_1277090,45.399888,-122.569049,128,2853.5031928
p_1277090,45.39993,-122.569068,129,2858.40237571
p_1277090,45.400002,-122.569096,130,2866.69930198
p_1277090,45.400097,-122.569122,131,2877.45202117
p_1277090,45.400173,-122.56913,132,2885.9218233
p_1277090,45.400231,-122.569136,133,2892.38501542
p_1277090,45.400301,-122.569141,134,2900.17463084
p_1277090,45.400433,-122.569147,135,2914.85257787
p_1277090,45.400565,-122.569146,136,2929.52321456
p_1277090,45.400648,-122.569146,137,2938.74780189
p_1277090,45.400699,-122.569145,138,2944.41646261
p_1277090,45.400744,-122.569145,139,2949.417745
p_1277090,45.400853,-122.569138,140,2961.54435386
p_1277090,45.40107,-122.569118,141,2985.71243222
p_1277090,45.401139,-122.569114,142,2993.38745802
p_1277090,45.401146,-122.569113,143,2994.16936516
p_1277090,45.401315,-122.569092,144,3013.02378757
p_1277090,45.401421,-122.569083,145,3024.82564235
p_1277090,45.40182,-122.56904,146,3069.29796718
p_1277090,45.402061,-122.569013,147,3096.16590796
p_1277090,45.402213,-122.568997,148,3113.10551487
p_1277090,45.40252,-122.568963,149,3147.32906752
p_1277090,45.402626,-122.568953,150,3159.13585706
p_1277090,45.402784,-122.568938,151,3176.73514812
p_1277090,45.40284,-122.568932,152,3182.97667111
p_1277090,45.402946,-122.56892,153,3194.79487716
p_1277090,45.403274,-122.568884,154,3231.35748169
p_1277090,45.403335,-122.568878,155,3238.15325582
p_1277090,45.403399,-122.568872,156,3245.28168872
p_1277090,45.403642,-122.568869,157,3272.28964821
p_1277090,45.403751,-122.568873,158,3284.40791902
p_1277090,45.403869,-122.568876,159,3297.52450301
p_1277090,45.403951,-122.568876,160,3306.63795602
p_1277090,45.404171,-122.568874,161,3331.08918563
p_1277090,45.4043,-122.568873,162,3345.42641776
p_1277090,45.404796,-122.568867,163,3400.55370208
p_1277090,45.404834,-122.568867,164,3404.77701025
p_1277090,45.405098,-122.568866,165,3434.11799327
p_1277090,45.405378,-122.568866,166,3465.23710839
p_1277090,45.405483,-122.56887,167,3476.91097795
p_1277090,45.405872,-122.568867,168,3520.14496132
p_1277090,45.405909,-122.568867,169,3524.25713058
p_1277090,45.406166,-122.568865,170,3552.82046584
p_1277090,45.406449,-122.568863,171,3584.27339569
p_1277090,45.406545,-122.568863,172,3594.94280895
p_1277090,45.406694,-122.568862,173,3611.50281286
p_1277090,45.406776,-122.568861,174,3620.61660665
p_1277090,45.406926,-122.56886,175,3637.28774972
p_1277090,45.407015,-122.56886,176,3647.17918575
p_1277090,45.407255,-122.568858,177,3673.85318143
p_1277090,45.407382,-122.568858,178,3687.9679281
p_1277090,45.407505,-122.568857,179,3701.63834028
p_1277090,45.407618,-122.568856,180,3714.19737515
p_1277090,45.407811,-122.568856,181,3735.64734599
p_1277090,45.40787,-122.568855,182,3742.2050584
p_1277090,45.408072,-122.568854,183,3764.65542445
p_1277090,45.408264,-122.568854,184,3785.99425724
p_1277090,45.408456,-122.568855,185,3807.33323435
p_1277090,45.408832,-122.568856,186,3849.12185872
p_1277090,45.409093,-122.568857,187,3878.12944423
p_1277090,45.409214,-122.568858,188,3891.57758466
p_1277090,45.409326,-122.568856,189,3904.02622415
p_1277090,45.409356,-122.568853,190,3907.36867829
p_1277090,45.409427,-122.568847,191,3915.2735694
p_1277090,45.409498,-122.568837,192,3923.20322975
p_1277090,45.409575,-122.568822,193,3931.8411789
p_1277090,45.409672,-122.568791,194,3942.89150372
p_1277090,45.409765,-122.568753,195,3953.64706173
p_1277090,45.409807,-122.568733,196,3958.57050537
p_1277090,45.409865,-122.568706,197,3965.35429112
p_1277090,45.409976,-122.568648,198,3978.49981455
p_1277090,45.410109,-122.568578,199,3994.26443778
p_1277090,45.410244,-122.568506,200,4010.29204826
p_1277090,45.410318,-122.568469,201,4019.01152068
p_1277090,45.410471,-122.568392,202,4037.05265502
p_1277090,45.410318,-122.568469,203,4055.09378936
p_1277090,45.410522,-122.568366,204,4079.15736483
p_1277090,45.410594,-122.568335,205,4087.51930771
p_1277090,45.410681,-122.568308,206,4097.41678358
p_1277090,45.410744,-122.568294,207,4104.503842
p_1277090,45.410819,-122.568282,208,4112.89209245
p_1277090,45.410873,-122.568277,209,4118.90639175
p_1277090,45.41091,-122.568275,210,4123.02154394
p_1277090,45.410982,-122.568271,211,4131.02973416
p_1277090,45.411022,-122.568269,212,4135.47808254
p_1277090,45.411074,-122.568266,213,4141.26212219
p_1277090,45.411228,-122.56826,214,4158.38409666
p_1277090,45.411623,-122.568247,215,4202.29611808
p_1277090,45.412139,-122.568231,216,4259.65794402
p_1277090,45.412171,-122.56823,217,4263.21528002
p_1277090,45.412311,-122.568226,218,4278.77800698
p_1277090,45.412616,-122.568217,219,4312.68297791
p_1277090,45.412614,-122.567901,220,4337.42010076
p_1277090,45.412611,-122.567376,221,4378.5178639
p_1277090,45.412603,-122.566835,222,4420.87607321
p_1277090,45.412581,-122.566623,223,4437.65035926
p_1277090,45.412557,-122.566491,224,4448.32190801
p_1277090,45.412263,-122.565565,225,4527.83263407
p_1277090,45.41218,-122.565205,226,4557.48459908
p_1277090,45.412169,-122.564797,227,4589.44601779
p_1277090,45.412158,-122.563828,228,4665.30870234
p_1277090,45.412768,-122.563826,229,4733.10418432
p_1277090,45.412795,-122.563826,230,4736.10496012
p_1277090,45.413143,-122.563825,231,4774.78170642
p_1277090,45.413251,-122.56383,232,4786.7911899
p_1277090,45.4133,-122.563841,233,4792.30469453
p_1277090,45.413377,-122.563869,234,4801.13868057
p_1277090,45.413462,-122.563915,235,4811.24854136
p_1277090,45.413539,-122.563982,236,4821.28553634
p_1277090,45.413615,-122.564067,237,4832.03801628
p_1277090,45.413677,-122.564152,238,4841.61671775
p_1277090,45.413732,-122.564259,239,4851.98575813
p_1277090,45.413782,-122.56438,240,4862.9671281
p_1277090,45.413811,-122.564502,241,4873.04617662
p_1277090,45.413834,-122.564646,242,4884.60430675
p_1277090,45.413917,-122.565291,243,4935.92883633
p_1277090,45.413964,-122.56562,244,4962.20639914
p_1277090,45.414001,-122.565762,245,4974.05800604
p_1277090,45.41406,-122.565937,246,4989.24501968
p_1277090,45.414109,-122.566042,247,4999.10455366
p_1277090,45.414141,-122.566086,248,5004.05540078
p_1277090,45.414183,-122.566155,249,5011.19408964
p_1277090,45.414234,-122.566217,250,5018.65604903
p_1277090,45.414327,-122.566309,251,5031.25342465
p_1277090,45.41442,-122.566382,252,5043.0637984
p_1277090,45.414511,-122.566432,253,5053.90840376
p_1277090,45.414647,-122.566508,254,5070.1519994
p_1277090,45.415032,-122.566727,255,5116.2469888
p_1277090,45.415142,-122.566779,256,5129.13216027
p_1277090,45.415239,-122.56681,257,5140.18244303
p_1277090,45.415396,-122.566854,258,5157.9680605
p_1277090,45.415554,-122.566895,259,5175.81901757
p_1277090,45.415614,-122.566923,260,5182.83834793
p_1277090,45.41565,-122.566937,261,5186.98674165
p_1277090,45.415991,-122.56713,262,5227.78542405
p_1277090,45.416838,-122.567599,263,5328.82572416
p_1277090,45.416954,-122.567665,264,5342.7144729
p_1277090,45.417064,-122.56774,265,5356.27627633
p_1277090,45.417135,-122.5678,266,5365.45901329
p_1277090,45.417408,-122.568017,267,5400.23088116
p_1277090,45.417463,-122.568065,268,5407.40587976
p_1277090,45.41754,-122.568122,269,5417.0568173
p_1277090,45.417679,-122.568206,270,5433.84619639
p_1277090,45.417917,-122.568332,271,5462.07623891
p_1277090,45.418447,-122.568633,272,5525.5172164
p_1277090,45.418859,-122.568866,273,5574.80497003
p_1277090,45.418922,-122.568879,274,5581.88033456
p_1277090,45.418982,-122.568882,275,5588.55286529
p_1277090,45.419028,-122.568875,276,5593.69457809
p_1277090,45.419062,-122.568866,277,5597.53843554
p_1277090,45.419115,-122.56883,278,5604.06810318
p_1277090,45.419145,-122.568802,279,5608.05806596
p_1277090,45.41918,-122.568765,280,5612.90760561
p_1277090,45.419214,-122.568717,281,5618.23617847
p_1277090,45.419245,-122.568651,282,5624.44551639
p_1277090,45.419275,-122.568545,283,5633.38700667
p_1277090,45.419435,-122.567928,284,5684.84924295
p_1277090,45.419502,-122.567666,285,5706.66594637
p_1277090,45.419686,-122.566954,286,5766.02728323
p_1277090,45.419796,-122.566543,287,5800.44061362
p_1277090,45.4199,-122.566152,288,5833.15379123
p_1277090,45.420139,-122.565251,289,5908.51055163
p_1277090,45.420143,-122.565237,290,5909.69305771
p_1277090,45.420306,-122.564619,291,5961.3440498
p_1277090,45.420476,-122.563969,292,6015.61345667
p_1277090,45.420507,-122.563852,293,6025.39750076
p_1277090,45.420621,-122.563414,294,6061.94524926
p_1277090,45.420643,-122.563333,295,6068.74010806
p_1277090,45.420754,-122.562919,296,6103.41190684
p_1277090,45.420842,-122.562589,297,6131.02993756
p_1277090,45.420927,-122.56227,298,6157.7247087
p_1277090,45.420938,-122.562222,299,6161.67545656
p_1277090,45.421006,-122.561938,300,6185.15303299
p_1277090,45.421024,-122.561871,301,6190.76557621
p_1277090,45.421046,-122.561786,302,6197.85338549
p_1277090,45.42108,-122.561659,303,6208.4873561
p_1277090,45.421103,-122.561592,304,6214.32111543
p_1277090,45.421133,-122.561526,305,6220.46933696
p_1277090,45.421164,-122.561474,306,6225.80172487
p_1277090,45.421204,-122.561422,307,6231.8289409
p_1277090,45.421249,-122.561378,308,6237.90120564
p_1277090,45.421298,-122.561343,309,6243.99721997
p_1277090,45.421344,-122.561321,310,6249.3918364
p_1277090,45.421395,-122.561285,311,6255.72166346
p_1277090,45.421445,-122.561274,312,6261.34495994
p_1277090,45.421549,-122.561246,313,6273.10943454
p_1277090,45.421792,-122.561271,314,6300.18724613
p_1277090,45.421888,-122.561316,315,6311.42296182
p_1277090,45.421932,-122.561354,316,6317.14650969
p_1277090,45.421986,-122.561379,317,6323.45897462
p_1277090,45.422025,-122.5614,318,6328.09458891
p_1277090,45.422061,-122.561424,319,6332.51461619
p_1277090,45.422094,-122.56145,320,6336.70893435
p_1277090,45.422128,-122.561477,321,6341.03843133
p_1277090,45.422195,-122.561544,322,6350.14590355
p_1277090,45.422267,-122.561612,323,6359.75619182
p_1277090,45.42235,-122.561682,324,6370.48505664
p_1277090,45.422411,-122.561726,325,6378.08907524
p_1277090,45.422463,-122.561759,326,6384.41921906
p_1277090,45.422582,-122.561822,327,6398.53410695
p_1277090,45.422737,-122.561903,328,6416.89025593
p_1277090,45.422869,-122.561975,329,6432.60576107
p_1277090,45.423131,-122.562104,330,6463.42507179
p_1277090,45.423271,-122.562169,331,6479.79518853
p_1277090,45.423398,-122.562219,332,6494.44238467
p_1277090,45.423533,-122.562264,333,6509.85409554
p_1277090,45.423632,-122.562288,334,6521.01613701
p_1277090,45.423685,-122.562287,335,6526.90707993
p_1277090,45.423734,-122.562287,336,6532.35294277
p_1277090,45.423805,-122.562269,337,6540.36864955
p_1277090,45.42388,-122.562235,338,6549.11858176
p_1277090,45.423946,-122.562186,339,6557.39579527
p_1277090,45.424002,-122.562114,340,6565.79156077
p_1277090,45.424065,-122.562017,341,6576.11903499
p_1277090,45.424125,-122.561913,342,6586.64123458
p_1277090,45.424188,-122.561794,343,6598.29296767
p_1277090,45.424246,-122.561682,344,6609.17347444
p_1277090,45.424292,-122.56159,345,6618.00408011
p_1277090,45.424326,-122.561511,346,6625.25014805
p_1277090,45.424388,-122.561379,347,6637.66804936
p_1277090,45.424518,-122.561471,348,6653.81094067
p_1277090,45.424618,-122.561558,349,6666.84479136
p_1277090,45.424679,-122.561604,350,6674.5209025
p_1277090,45.424694,-122.561616,351,6676.43433453
p_1277090,45.424707,-122.561626,352,6678.07750359
p_1277090,45.424753,-122.561662,353,6683.9148857
p_1277090,45.424823,-122.561716,354,6692.76845709
p_1277090,45.424891,-122.561761,355,6701.10627355
p_1277090,45.425001,-122.56183,356,6714.47120329
p_1277090,45.425191,-122.561937,357,6737.18761277
p_1277090,45.425239,-122.561964,358,6742.92558305
p_1277090,45.425717,-122.562221,359,6799.73050134
p_1277090,45.426021,-122.562388,360,6835.95681614
p_1277090,45.426231,-122.562502,361,6860.94330656
p_1277090,45.426332,-122.562557,362,6872.96541153
p_1277090,45.426692,-122.562752,363,6915.78739623
p_1277090,45.426958,-122.562897,364,6947.45370047
p_1277090,45.427016,-122.56293,365,6954.39791433
p_1277090,45.427357,-122.563118,366,6995.05230672
p_1277090,45.427473,-122.563174,367,7008.66907217
p_1277090,45.427585,-122.56322,368,7021.62685922
p_1277090,45.427635,-122.563236,369,7027.32318736
p_1277090,45.427692,-122.56325,370,7033.75221819
p_1277090,45.427752,-122.563258,371,7040.44995092
p_1277090,45.427816,-122.563263,372,7047.57367415
p_1277090,45.42788,-122.563262,373,7054.68707352
p_1277090,45.427946,-122.563255,374,7062.04274961
p_1277090,45.42802,-122.563242,375,7070.32980392
p_1277090,45.428085,-122.563223,376,7077.70534503
p_1277090,45.428165,-122.56319,377,7086.96401267
p_1277090,45.428248,-122.563157,378,7096.5433186
p_1277090,45.428293,-122.563145,379,7101.63202689
p_1277090,45.428347,-122.56313,380,7107.74731593
p_1277090,45.428385,-122.563122,381,7112.01679211
p_1277090,45.428473,-122.563112,382,7121.82838392
p_1277090,45.428573,-122.563104,383,7132.96001806
p_1277090,45.428595,-122.563102,384,7135.41010565
p_1277090,45.42871,-122.563098,385,7148.19505606
p_1277090,45.428773,-122.563102,386,7155.20387954
p_1277090,45.428809,-122.563103,387,7159.20569043
p_1277090,45.428911,-122.563109,388,7170.55170635
p_1277090,45.429114,-122.563157,389,7193.42371828
p_1277090,45.429194,-122.563177,390,7202.4516346
p_1277090,45.429306,-122.563222,391,7215.38787319
p_1277090,45.429409,-122.563267,392,7227.36471929
p_1277090,45.429542,-122.563326,393,7242.85066066
p_1277090,45.42953,-122.563915,394,7288.96243808
p_1277090,45.429529,-122.564,395,7295.61508433
p_1277090,45.429603,-122.564194,396,7312.88123645
p_1277090,45.429592,-122.564542,397,7340.14154653
p_1277090,45.429604,-122.564668,398,7350.09151578
p_1277090,45.429621,-122.564749,399,7356.7057969
p_1277090,45.429662,-122.564844,400,7365.42543787
p_1277090,45.429697,-122.564884,401,7370.41839249
p_1277090,45.429761,-122.564933,402,7378.49909774
p_1277090,45.429843,-122.565004,403,7389.17271874
p_1277090,45.430627,-122.564826,404,7477.41297615
p_1277090,45.431266,-122.564759,405,7548.62483377
p_1277090,45.431556,-122.564758,406,7580.85558919
p_1277090,45.43192,-122.564783,407,7621.35790106
p_1277090,45.432326,-122.564811,408,7666.53399595
p_1277090,45.433167,-122.564889,409,7760.20200508
p_1277090,45.433185,-122.56489,410,7762.20405925
p_1277090,45.433329,-122.564967,411,7779.30488463
p_1277090,45.433327,-122.565023,412,7783.69253293
p_1277090,45.433325,-122.56518,413,7795.97983407
p_1277090,45.433316,-122.565511,414,7821.89997912
p_1277090,45.433311,-122.565769,415,7842.09619653
p_1277090,45.433294,-122.566505,416,7899.71939336
p_1277090,45.433289,-122.56677,417,7920.46316884
p_1277090,45.43328,-122.567157,418,7950.7625558
p_1277090,45.433279,-122.567224,419,7956.00650524
p_1277090,45.433276,-122.567359,420,7966.57555954
p_1277090,45.43333,-122.567461,421,7976.56173471
p_1277090,45.433341,-122.567743,422,7998.6621436
p_1277090,45.433343,-122.567806,423,8003.59691713
p_1277090,45.433365,-122.568255,424,8038.81624232
p_1277090,45.433382,-122.568668,425,8071.18875442
p_1277090,45.433393,-122.568843,426,8084.9369989
p_1277090,45.433402,-122.568965,427,8094.53577779
p_1277090,45.433393,-122.569483,428,8135.0817
p_1277090,45.433391,-122.569605,429,8144.63080771
p_1277090,45.43339,-122.569729,430,8154.33446507
p_1277090,45.433382,-122.570307,431,8199.57180445
p_1277090,45.433372,-122.571011,432,8254.67114618
p_1277090,45.433478,-122.571001,433,8266.47797124
p_1277090,45.433592,-122.571013,434,8279.1827077
p_1277090,45.433726,-122.571003,435,8294.09604436
p_1277090,45.434453,-122.570987,436,8374.90471313
p_1277090,45.434442,-122.570322,437,8426.95446316
p_1277090,45.434441,-122.570098,438,8444.48252786
p_1277090,45.434441,-122.569656,439,8479.06846057
p_1277090,45.43444,-122.569447,440,8495.42282011
p_1277090,45.434437,-122.569238,441,8511.78020108
p_1277090,45.434427,-122.569013,442,8529.42120969
p_1277090,45.434436,-122.568908,443,8537.69799029
p_1277090,45.434549,-122.568926,444,8550.33557414
p_1277090,45.434738,-122.568914,445,8571.36206199
p_1277090,45.435017,-122.568944,446,8602.45892763
p_1277090,45.435222,-122.568976,447,8625.3798628
p_1277090,45.43536,-122.568998,448,8640.81352613
p_1277090,45.435404,-122.569007,449,8645.75414585
p_1277090,45.43546,-122.569019,450,8652.04843259
p_1277090,45.435528,-122.569036,451,8659.72214394
p_1277090,45.4355083247655,-122.568884289747,452,8671.79277494
p_1277090,45.4355338185592,-122.568652614568,453,8690.14080701
p_1277090,45.43556374604,-122.568571528253,454,8697.30456636
p_1277090,45.4355685492152,-122.568477805112,455,8704.65753957
p_1277090,45.435599,-122.568167,456,8729.21150038
p_1425347,45.321988,-122.575226,1,0
p_1425347,45.322181,-122.575044,2,25.7624919
p_1425347,45.322259,-122.575171,3,38.96456272
p_1425347,45.322304,-122.575244,4,46.56522947
p_1425347,45.322346,-122.575318,5,54.01170004
p_1425347,45.322431,-122.575508,6,71.65117307
p_1425347,45.322455,-122.575567,7,76.99088885
p_1425347,45.322498,-122.575757,8,92.63530421
p_1425347,45.322519,-122.575876,9,102.25277533
p_1425347,45.322533,-122.575965,10,109.40202998
p_1425347,45.322544,-122.576075,11,118.11259971
p_1425347,45.322554,-122.576386,12,142.52130943
p_1425347,45.322542,-122.576805,13,175.39931054
p_1425347,45.322869,-122.576865,14,212.044657
p_1425347,45.322962,-122.576945,15,224.13474884
p_1425347,45.32316,-122.577208,16,254.29123271
p_1425347,45.323248,-122.577343,17,268.70230461
p_1425347,45.323328,-122.577492,18,283.38283912
p_1425347,45.323367,-122.577577,19,291.33256692
p_1425347,45.323393,-122.577644,20,297.32782221
p_1425347,45.323448,-122.577796,21,310.72114809
p_1425347,45.323496,-122.577945,22,323.56345108
p_1425347,45.323535,-122.578107,23,336.98376774
p_1425347,45.323563,-122.578273,24,350.36532909
p_1425347,45.323605,-122.578602,25,376.5784598
p_1425347,45.323622,-122.578845,26,395.72353434
p_1425347,45.323638,-122.57909,27,415.01408557
p_1425347,45.323653,-122.57919,28,423.02953139
p_1425347,45.323672,-122.57931,29,432.67179121
p_1425347,45.32369,-122.579412,30,440.91517796
p_1425347,45.323712,-122.579509,31,448.9035176
p_1425347,45.323749,-122.579645,32,460.33158708
p_1425347,45.323795,-122.579784,33,472.36896293
p_1425347,45.323817,-122.579848,34,477.95067083
p_1425347,45.323858,-122.57995,35,487.15470805
p_1425347,45.323923,-122.580082,36,499.7756109
p_1425347,45.323995,-122.580226,37,513.61361111
p_1425347,45.324034,-122.580288,38,520.12629033
p_1425347,45.324087,-122.58036,39,528.28475467
p_1425347,45.3241,-122.580378,40,530.30440157
p_1425347,45.324123,-122.580408,41,533.77802934
p_1425347,45.324169,-122.580461,42,540.36607006
p_1425347,45.324226,-122.580516,43,548.02925423
p_1425347,45.324518,-122.580766,44,585.94126328
p_1425347,45.324642,-122.58087,45,601.95379984
p_1425347,45.324897,-122.581084,46,634.88793113
p_1425347,45.324969,-122.581145,47,644.2100781
p_1425347,45.325243,-122.581373,48,679.52063089
p_1425347,45.325286,-122.581409,49,685.07077466
p_1425347,45.325549,-122.58163,50,719.04947485
p_1425347,45.325638,-122.581705,51,730.55648247
p_1425347,45.325939,-122.581945,52,768.9375402
p_1425347,45.326015,-122.58201,53,778.80220198
p_1425347,45.326248,-122.582209,54,809.03397208
p_1425347,45.326507,-122.582423,55,842.35118393
p_1425347,45.326684,-122.58257,56,865.14984741
p_1425347,45.326787,-122.582657,57,878.4749871
p_1425347,45.326879,-122.582733,58,890.3090394
p_1425347,45.326999,-122.58283,59,905.66134004
p_1425347,45.327262,-122.583043,60,939.32430677
p_1425347,45.32738,-122.583137,61,954.36728853
p_1425347,45.327515,-122.583243,62,971.51855987
p_1425347,45.327823,-122.583487,63,1010.73127146
p_1425347,45.327998,-122.583634,64,1033.33829461
p_1425347,45.328087,-122.583706,65,1044.72679754
p_1425347,45.328175,-122.583778,66,1056.01890329
p_1425347,45.32843,-122.583989,67,1088.83333748
p_1425347,45.328515,-122.584059,68,1099.75832479
p_1425347,45.328797,-122.584289,69,1135.91584463
p_1425347,45.328873,-122.584352,70,1145.70030744
p_1425347,45.328921,-122.584391,71,1151.84895856
p_1425347,45.329079,-122.58452,72,1172.11266747
p_1425347,45.329115,-122.58455,73,1176.753668
p_1425347,45.329306,-122.584722,74,1201.9015205
p_1425347,45.329376,-122.584776,75,1210.75837606
p_1425347,45.329421,-122.584808,76,1216.35348752
p_1425347,45.329832,-122.585139,77,1268.88702592
p_1425347,45.329925,-122.585211,78,1280.66361476
p_1425347,45.33032,-122.585538,79,1331.49961493
p_1425347,45.330415,-122.585617,80,1343.74001579
p_1425347,45.33069,-122.585845,81,1379.14561939
p_1425347,45.330773,-122.585913,82,1389.79957405
p_1425347,45.331127,-122.586207,83,1435.39603435
p_1425347,45.331237,-122.586298,84,1449.55032883
p_1425347,45.331342,-122.586385,85,1463.06663063
p_1425347,45.331554,-122.586558,86,1490.25216229
p_1425347,45.331622,-122.586613,87,1498.95292462
p_1425347,45.33172,-122.586694,88,1511.56021517
p_1425347,45.33177,-122.586735,89,1517.97965047
p_1425347,45.331931,-122.586868,90,1538.68879218
p_1425347,45.332103,-122.587013,91,1560.92866689
p_1425347,45.332273,-122.587157,92,1582.93745605
p_1425347,45.332452,-122.58731,93,1606.16692442
p_1425347,45.33279,-122.587598,94,1649.99375094
p_1425347,45.33286,-122.587655,95,1658.96526133
p_1425347,45.333275,-122.587995,96,1712.23450282
p_1425347,45.333291,-122.588008,97,1714.28401527
p_1425347,45.333605,-122.588276,98,1755.01689468
p_1425347,45.333703,-122.588358,99,1767.6637371
p_1425347,45.333834,-122.588473,100,1784.78771722
p_1425347,45.333791,-122.588684,101,1802.00408168
p_1425347,45.333708,-122.589097,102,1835.66676071
p_1425347,45.333619,-122.58958,103,1874.79883245
p_1425347,45.333606,-122.58967,104,1882.00016967
p_1425347,45.333595,-122.589752,105,1888.5432063
p_1425347,45.333586,-122.58984,106,1895.51348901
p_1425347,45.333577,-122.589931,107,1902.71658187
p_1425347,45.333574,-122.590055,108,1912.44240909
p_1425347,45.333576,-122.590357,109,1936.11662534
p_1425347,45.333583,-122.590593,110,1954.63254018
p_1425347,45.333598,-122.590856,111,1975.31586822
p_1425347,45.333641,-122.591299,112,2010.36901547
p_1425347,45.333653,-122.591425,113,2020.3355239
p_1425347,45.333665,-122.591569,114,2031.70189053
p_1425347,45.333673,-122.591712,115,2042.94656
p_1425347,45.333693,-122.592068,116,2070.94101471
p_1425347,45.333714,-122.59266,117,2117.40525256
p_1425347,45.333729,-122.593055,118,2148.41327411
p_1425347,45.333723,-122.593289,119,2166.76813177
p_1425347,45.333721,-122.593359,120,2172.25977703
p_1425347,45.333701,-122.593563,121,2188.40463183
p_1425347,45.333679,-122.593767,122,2204.58159292
p_1425347,45.333636,-122.594009,123,2224.14416287
p_1425347,45.333627,-122.594059,124,2228.18917845
p_1425347,45.333545,-122.594469,125,2261.59535679
p_1425347,45.333503,-122.594812,126,2288.88463711
p_1425347,45.33348,-122.59509,127,2310.82593748
p_1425347,45.333473,-122.595282,128,2325.89655085
p_1425347,45.333468,-122.596103,129,2390.2556074
p_1425347,45.33346,-122.596895,130,2452.34538234
p_1425347,45.333461,-122.597149,131,2472.25628191
p_1425347,45.333473,-122.597313,132,2485.18092909
p_1425347,45.333495,-122.597447,133,2495.96575194
p_1425347,45.333529,-122.59757,134,2506.32150451
p_1425347,45.333553,-122.597642,135,2512.56399072
p_1425347,45.333613,-122.59779,136,2525.94528959
p_1425347,45.333672,-122.597896,137,2536.53007899
p_1425347,45.33374,-122.597996,138,2547.41864388
p_1425347,45.333833,-122.598111,139,2561.13333632
p_1425347,45.333956,-122.598211,140,2576.89135918
p_1425347,45.334052,-122.59828,141,2588.85329221
p_1425347,45.334152,-122.598335,142,2600.77405288
p_1425347,45.334273,-122.598376,143,2614.60049698
p_1425347,45.33442,-122.598401,144,2631.05494102
p_1425347,45.334646,-122.598407,145,2656.17660321
p_1425347,45.335056,-122.598407,146,2701.74331495
p_1425347,45.335551,-122.598407,147,2756.75678837
p_1425347,45.336343,-122.598404,148,2844.77866992
p_1425347,45.336457,-122.598405,149,2857.44868447
p_1425347,45.336455,-122.598593,150,2872.1865555
p_1425347,45.336444,-122.599424,151,2937.33515051
p_1425347,45.336439,-122.60027,152,3003.65037207
p_1425347,45.336438,-122.600361,153,3010.78418537
p_1425347,45.336436,-122.600695,154,3036.96539859
p_1425347,45.336435,-122.600835,155,3047.93972737
p_1425347,45.336432,-122.6012,156,3076.55184674
p_1425347,45.336426,-122.601633,157,3110.49869123
p_1425347,45.336421,-122.602101,158,3147.18663968
p_1425347,45.336419,-122.60236,159,3167.48932913
p_1425347,45.336419,-122.60274,160,3197.27527409
p_1425347,45.336418,-122.603362,161,3246.03029004
p_1425347,45.336418,-122.603636,162,3267.50752441
p_1425347,45.336416,-122.603944,163,3291.65084071
p_1425347,45.336415,-122.604156,164,3308.26863531
p_1425347,45.336413,-122.604333,165,3322.1443966
p_1425347,45.336412,-122.604553,166,3339.38925115
p_1425347,45.336411,-122.604771,167,3356.47734114
p_1425347,45.336417,-122.604952,168,3370.68052053
p_1425347,45.336561,-122.604981,169,3386.84507096
p_1425347,45.336901,-122.604988,170,3424.63609607
p_1425347,45.336956,-122.604989,171,3430.74920852
p_1425347,45.337485,-122.604987,172,3489.54161399
p_1425347,45.337622,-122.604986,173,3504.767773
p_1425347,45.337704,-122.604988,174,3513.88246806
p_1425347,45.338382,-122.604999,175,3589.23922483
p_1425347,45.338401,-122.604999,176,3591.35085425
p_1425347,45.338883,-122.605007,177,3644.92323066
p_1425347,45.339096,-122.605005,178,3668.59622936
p_1425347,45.339439,-122.605009,179,3706.71799242
p_1425347,45.33953,-122.60501,180,3716.83189161
p_1425347,45.339818,-122.605008,181,3748.84013916
p_1425347,45.340023,-122.605009,182,3771.62365016
p_1425347,45.340067,-122.605009,183,3776.51374076
p_1425347,45.340157,-122.60501,184,3786.51650601
p_1425347,45.340232,-122.605011,185,3794.85225644
p_1425347,45.340244,-122.605012,186,3796.18821872
p_1425347,45.340284,-122.605012,187,3800.6337558
p_1425347,45.340822,-122.605011,188,3860.42628399
p_1425347,45.340868,-122.605012,189,3865.53925293
p_1425347,45.341227,-122.605014,190,3905.43826169
p_1425347,45.341433,-122.605015,191,3928.33291612
p_1425347,45.341898,-122.60502,192,3980.01378326
p_1425347,45.341909,-122.605019,193,3981.23881611
p_1425347,45.341964,-122.605016,194,3987.355952
p_1425347,45.341974,-122.604496,195,4028.12683494
p_1425347,45.34199,-122.604018,196,4065.6329271
p_1425347,45.342036,-122.602999,197,4145.6618852
p_1425347,45.342059,-122.602504,198,4184.5422727
p_1425347,45.342062,-122.602441,199,4189.4912225
p_1425347,45.342081,-122.601991,200,4224.82369944
p_1425347,45.342083,-122.601944,201,4228.51408341
p_1425347,45.342117,-122.601291,202,4279.83306561
p_1425347,45.342143,-122.600781,203,4319.90923034
p_1425347,45.342239,-122.598652,204,4487.11270389
p_1425347,45.342252,-122.598343,205,4511.37395459
p_1425347,45.342268,-122.597996,206,4538.62850043
p_1425347,45.342273,-122.59789,207,4546.95491934
p_1425347,45.342319,-122.596917,208,4623.38589727
p_1425347,45.342325,-122.596781,209,4634.06586054
p_1425347,45.342332,-122.596653,210,4644.12809704
p_1425347,45.342338,-122.596593,211,4648.87769485
p_1425347,45.342349,-122.596481,212,4657.74051608
p_1425347,45.342364,-122.596391,213,4664.98866372
p_1425347,45.342382,-122.596309,214,4671.7196356
p_1425347,45.342407,-122.596225,215,4678.86548966
p_1425347,45.342415,-122.5962,216,4681.017173
p_1425347,45.342446,-122.596111,217,4688.79707372
p_1425347,45.342459,-122.596078,218,4691.75965866
p_1425347,45.342538,-122.595883,219,4709.38535814
p_1425347,45.342684,-122.595505,220,4743.16385554
p_1425347,45.342744,-122.595342,221,4757.57467583
p_1425347,45.342832,-122.59541,222,4768.71271016
p_1425347,45.343504,-122.595917,223,4853.31063021
p_1425347,45.343601,-122.595995,224,4865.70372647
p_1425347,45.343811,-122.596153,225,4892.12443514
p_1425347,45.343926,-122.59624,226,4906.61043903
p_1425347,45.344187,-122.596439,227,4939.54461971
p_1425347,45.344374,-122.59657,228,4962.72517234
p_1425347,45.34444,-122.596552,229,4970.19473843
p_1425347,45.344513,-122.596573,230,4978.47310396
p_1425347,45.344589,-122.596582,231,4986.94903116
p_1425347,45.344855,-122.596592,232,5016.52226261
p_1425347,45.345448,-122.596592,233,5082.42740652
p_1425347,45.345519,-122.596637,234,5091.07049862
p_1425347,45.346077,-122.59664,235,5153.08624697
p_1425347,45.346626,-122.596642,236,5214.10151008
p_1425347,45.346923,-122.596644,237,5247.11003285
p_1425347,45.347078,-122.596644,238,5264.33650946
p_1425347,45.347167,-122.596643,239,5274.22815186
p_1425347,45.347475,-122.596642,240,5308.45891959
p_1425347,45.347745,-122.596641,241,5338.466436
p_1425347,45.348272,-122.596648,242,5397.03903581
p_1425347,45.348335,-122.596648,243,5404.04076661
p_1425347,45.348734,-122.596649,244,5448.38513276
p_1425347,45.348874,-122.59665,245,5463.94473327
p_1425347,45.348958,-122.596654,246,5473.28563659
p_1425347,45.349036,-122.596657,247,5481.95763461
p_1425347,45.34948,-122.596667,248,5531.30939662
p_1425347,45.349562,-122.596669,249,5540.42411012
p_1425347,45.349905,-122.596675,250,5578.54755376
p_1425347,45.34999,-122.596627,251,5588.71568409
p_1425347,45.350182,-122.596631,252,5610.05660117
p_1425347,45.350243,-122.596633,253,5616.83786851
p_1425347,45.350495,-122.59664,254,5644.85017347
p_1425347,45.350565,-122.596683,255,5653.32829358
p_1425347,45.35073,-122.596689,256,5671.67219438
p_1425347,45.350879,-122.596695,257,5688.23852445
p_1425347,45.350936,-122.596695,258,5694.57342665
p_1425347,45.351136,-122.596696,259,5716.80129231
p_1425347,45.351228,-122.596699,260,5727.02874952
p_1425347,45.351273,-122.596657,261,5733.01580696
p_1425347,45.351632,-122.596662,262,5772.91650461
p_1425347,45.351699,-122.596707,263,5781.15557467
p_1425347,45.351692,-122.596034,264,5833.89960274
p_1425347,45.351699,-122.595967,265,5839.20724814
p_1425347,45.351711,-122.595911,266,5843.79375759
p_1425347,45.351727,-122.595818,267,5851.29531945
p_1425347,45.351709,-122.595754,268,5856.6948108
p_1425347,45.351703,-122.59573,269,5858.69024056
p_1425347,45.3517,-122.595702,270,5860.90959165
p_1425347,45.351695,-122.595646,271,5865.33296253
p_1425347,45.351692,-122.595234,272,5897.62023588
p_1425347,45.351689,-122.594831,273,5929.20228243
p_1425347,45.351684,-122.594226,274,5976.61515365
p_1425347,45.351682,-122.593995,275,5994.71837228
p_1425347,45.351674,-122.592936,276,6077.70956388
p_1425347,45.351659,-122.591274,277,6207.95958378
p_1425347,45.3516586934397,-122.591214786226,278,6212.59988007
p_1425347,45.3516587041203,-122.591215081298,279,6212.62303324
p_1425347,45.351653,-122.590727,280,6250.87582179
p_1425347,45.351655,-122.590615,281,6259.65529699
p_1425347,45.35166,-122.590552,282,6264.6233444
p_1425347,45.351668,-122.590484,283,6270.0256967
p_1425347,45.351682,-122.590421,284,6275.20195382
p_1425347,45.351708,-122.590341,285,6282.10490006
p_1425347,45.351765,-122.59021,286,6294.16775167
p_1425347,45.352302,-122.589049,287,6402.97507817
p_1425347,45.352426,-122.588781,288,6428.09408919
p_1425347,45.35247,-122.588702,289,6435.9831033
p_1425347,45.352501,-122.58865,290,6441.31922827
p_1425347,45.352527,-122.58861,291,6445.58241347
p_1425347,45.352558,-122.58857,292,6450.24020289
p_1425347,45.352589,-122.588537,293,6454.54800529
p_1425347,45.352621,-122.58851,294,6458.6862073
p_1425347,45.352651,-122.588489,295,6462.40435305
p_1425347,45.352671,-122.588478,296,6464.78841009
p_1425347,45.352695,-122.588468,297,6467.56846287
p_1425347,45.352722,-122.588458,298,6470.6698366
p_1425347,45.352748,-122.588448,299,6473.66380936
p_1425347,45.352777,-122.588442,300,6476.92094405
p_1425347,45.35286,-122.588433,301,6486.17237437
p_1425347,45.352935,-122.58843,302,6494.51108931
p_1425347,45.352967,-122.588429,303,6498.0683901
p_1425347,45.353183,-122.588426,304,6522.07549545
p_1425347,45.353356,-122.588424,305,6541.30312603
p_1425347,45.353703,-122.588417,306,6579.8721509
p_1425347,45.353978,-122.588413,307,6610.43689851
p_1425347,45.354116,-122.588412,308,6625.77423879
p_1425347,45.35418,-122.58841,309,6632.88884179
p_1425347,45.354519,-122.588402,310,6670.57007668
p_1425347,45.354572,-122.588401,311,6676.46094929
p_1425347,45.355055,-122.588395,312,6730.14300577
p_1425347,45.355289,-122.588392,313,6756.15052829
p_1425347,45.355417,-122.58839,314,6770.37714789
p_1425347,45.35569,-122.588389,315,6800.71812124
p_1425347,45.356111,-122.588378,316,6847.51546602
p_1425347,45.356193,-122.588377,317,6856.62917935
p_1425347,45.35639,-122.588374,318,6878.52477308
p_1425347,45.356677,-122.58837,319,6910.42313276
p_1425347,45.356678,-122.58842,320,6914.34251439
p_1425347,45.356682,-122.588458,321,6917.35305032
p_1425347,45.356797,-122.588691,322,6939.63912695
p_1425347,45.356846,-122.588789,323,6949.05304824
p_1425347,45.357058,-122.589212,324,6989.71871593
p_1425347,45.357168,-122.589432,325,7010.8519368
p_1425347,45.35753,-122.590154,326,7080.27148597
p_1425347,45.357897,-122.590885,327,7150.58749406
p_1425347,45.358207,-122.591504,328,7210.08020544
p_1425347,45.358261,-122.591611,329,7220.39074739
p_1425347,45.358451,-122.591987,330,7256.63785926
p_1425347,45.358528,-122.592142,331,7271.49485751
p_1425347,45.358575,-122.592245,332,7281.10822106
p_1425347,45.358615,-122.592345,333,7290.11686038
p_1425347,45.358696,-122.592528,334,7307.04724077
p_1425347,45.358773,-122.592685,335,7322.03256736
p_1425347,45.358942,-122.593,336,7353.04778337
p_1425347,45.35898,-122.593069,337,7359.90815584
p_1425347,45.359054,-122.593191,338,7372.51823507
p_1425347,45.359094,-122.593248,339,7378.8197482
p_1425347,45.359116,-122.593279,340,7382.26619779
p_1425347,45.359168,-122.593353,341,7390.45260871
p_1425347,45.359216,-122.593424,342,7398.16013801
p_1425347,45.359297,-122.593553,343,7411.69533322
p_1425347,45.359391,-122.593714,344,7428.07435936
p_1425347,45.359468,-122.593852,345,7441.86373042
p_1425347,45.359572,-122.594046,346,7460.95947077
p_1425347,45.359457,-122.594162,347,7476.64259162999
p_1425347,45.358826,-122.594795,348,7562.53733283999
p_1425347,45.358459,-122.595168,349,7612.71505744999
p_1425347,45.35808,-122.595551,350,7664.43354541999
p_1425347,45.357705,-122.595929,351,7715.56279468999
p_1425347,45.357421,-122.596213,352,7754.18190146999
p_1425347,45.357385,-122.596248,353,7759.03255921
p_1425347,45.35733,-122.596303,354,7766.51162039
p_1425347,45.357374,-122.596394,355,7775.15769554
p_1425347,45.357719,-122.597072,356,7840.67412358
p_1425347,45.35777,-122.597177,357,7850.66484575
p_1425347,45.357813,-122.597265,358,7859.05426433999
p_1425347,45.358197,-122.598034,359,7932.89157644
p_1425347,45.358628,-122.598899,360,8015.88597106
p_1425347,45.358674,-122.598989,361,8024.59598968
p_1425347,45.359018,-122.599672,362,8090.36483291
p_1425347,45.359055,-122.599746,363,8097.47312049
p_1425347,45.359491,-122.600622,364,8181.4912521
p_1425347,45.35992,-122.601478,365,8263.78055165
p_1425347,45.360334,-122.602321,366,8344.27702829
p_1425347,45.360733,-122.603108,367,8420.22856564
p_1425347,45.360774,-122.603188,368,8427.97787224
p_1425347,45.360721,-122.603242,369,8435.23025504
p_1425347,45.360348,-122.603618,370,8486.08676268
p_1425347,45.360169,-122.603796,371,8510.38224154
p_1425347,45.360144,-122.603821,372,8513.78176027
p_1425347,45.360086,-122.603886,373,8521.9969039
p_1425347,45.360037,-122.60395,374,8529.3997338
p_1425347,45.359988,-122.604032,375,8537.82203262
p_1425347,45.359912,-122.604179,376,8552.1049335
p_1425347,45.35987,-122.604262,377,8560.10993859
p_1425347,45.3602285421307,-122.604596079519,378,8607.78615732
p_1425347,45.3602207892048,-122.604589680226,379,8608.78307094
p_1425347,45.3605184351524,-122.604848381656,380,8647.57921918999
p_1425347,45.3608162823888,-122.604276614502,381,8703.28071170999
p_1425347,45.3608751589824,-122.604084382441,382,8719.70217258
p_1425347,45.3611970559751,-122.603615767084,383,8770.96558920999
p_1425347,45.3621616393775,-122.602556407276,384,8906.54367077999
p_1425347,45.3628558903112,-122.601867527318,385,9000.70532948
p_1425347,45.3636674686287,-122.601171688977,386,9106.09864038
p_1425347,45.3641368098136,-122.600928145559,387,9161.6409926
p_1425347,45.3643793377585,-122.60091745871,388,9188.60828134
p_1425347,45.3648095619137,-122.600813082959,389,9237.11713301
p_1425347,45.3651860053613,-122.600799166193,390,9278.96885210999
p_1425347,45.3656357786684,-122.600820041343,391,9328.98291744999
p_1425347,45.3667699737351,-122.60093833386,392,9455.37635642999
p_1425347,45.3668530819626,-122.600840916493,393,9467.35799660999
p_1425347,45.3678557521852,-122.600936138906,394,9579.04313273999
p_1425347,45.3683436001731,-122.600955964172,395,9633.28429636999
p_1425347,45.3688503567092,-122.601020811248,396,9689.83334946999
p_1425348,45.368448,-122.601193,1,0
p_1425348,45.368335,-122.601185,2,12.57433231
p_1425348,45.368211,-122.601181,3,26.35912731
p_1425348,45.368095,-122.601182,4,39.2514861
p_1425348,45.36749,-122.601121,5,106.66016403
p_1425348,45.36684,-122.601052,6,179.10244419
p_1425348,45.366756,-122.600923,7,192.86066918
p_1425348,45.366657,-122.600913,8,203.89128015
p_1425348,45.366551,-122.600902,9,215.70348527
p_1425348,45.366402,-122.600885,10,232.31665728
p_1425348,45.366146,-122.600862,11,260.82522589
p_1425348,45.366086,-122.600856,12,267.51010877
p_1425348,45.365575,-122.600807,13,324.43169452
p_1425348,45.365456,-122.600797,14,337.68040999
p_1425348,45.365346,-122.600794,15,349.90795006
p_1425348,45.365199,-122.600791,16,366.24706121
p_1425348,45.365097,-122.600792,17,377.58350109
p_1425348,45.364837,-122.600802,18,406.49023631
p_1425348,45.364616,-122.600849,19,431.32641393
p_1425348,45.364481,-122.600889,20,446.65394897
p_1425348,45.364276,-122.600952,21,469.96593033
p_1425348,45.364194,-122.601091,22,484.16617848
p_1425348,45.364079,-122.601138,23,497.4670151
p_1425348,45.363929,-122.601215,24,515.19579012
p_1425348,45.363759,-122.601307,25,535.41760183
p_1425348,45.363606,-122.601409,26,554.20605486
p_1425348,45.363444,-122.601529,27,574.51743215
p_1425348,45.363294,-122.601647,28,593.58010218
p_1425348,45.363094,-122.601823,29,619.73756881
p_1425348,45.362881,-122.602015,30,647.78527612
p_1425348,45.362673,-122.602216,31,675.75644459
p_1425348,45.36259,-122.602311,32,687.60932893
p_1425348,45.36251,-122.602403,33,699.05517196
p_1425348,45.362055,-122.602863,34,761.15219816
p_1425348,45.361665,-122.603265,35,814.73140294
p_1425348,45.361612,-122.603323,36,822.17093258
p_1425348,45.361561,-122.603379,37,829.338767
p_1425348,45.361439,-122.603516,38,846.63214439
p_1425348,45.361231,-122.603766,39,876.93160193
p_1425348,45.361148,-122.603875,40,889.50243239
p_1425348,45.361075,-122.603974,41,900.72689519
p_1425348,45.360927,-122.604206,42,925.24151374
p_1425348,45.360835,-122.604241,43,935.82763505
p_1425348,45.360747,-122.604399,44,951.60424463
p_1425348,45.360681,-122.604521,45,963.65308757
p_1425348,45.360648,-122.604581,46,969.61554484
p_1425348,45.360619,-122.604637,47,975.05973901
p_1425348,45.360508,-122.604847,48,995.62451062
p_1425348,45.3600554168103,-122.604443993634,49,1055.01381981
p_1425348,45.3600559225637,-122.604444701175,50,1055.09276709
p_1425348,45.35987,-122.604262,51,1080.23009887
p_1425348,45.359726,-122.604553,52,1108.08660182
p_1425348,45.359643,-122.604718,53,1123.96825397
p_1425348,45.359494,-122.605019,54,1152.78539437
p_1425348,45.359415,-122.605178,55,1168.02645285
p_1425348,45.359376,-122.605258,56,1175.64730118
p_1425348,45.359326,-122.605207,57,1182.49181625
p_1425348,45.359075,-122.60496,58,1216.44355026
p_1425348,45.359001,-122.604889,59,1226.37260781
p_1425348,45.358965,-122.604862,60,1230.8984709
p_1425348,45.358947,-122.604852,61,1233.04693827
p_1425348,45.358926,-122.604845,62,1235.44443236
p_1425348,45.3589,-122.604844,63,1238.33510303
p_1425348,45.358878,-122.604847,64,1240.79142934
p_1425348,45.358856,-122.604856,65,1243.33614187
p_1425348,45.358828,-122.604873,66,1246.72111861
p_1425348,45.358791,-122.604905,67,1251.53736366
p_1425348,45.358681,-122.605015,68,1266.49536785
p_1425348,45.358539,-122.60516,69,1285.94119729
p_1425348,45.3584,-122.605298,70,1304.79766511
p_1425348,45.358245,-122.605441,71,1325.34750023
p_1425348,45.358136,-122.60554,72,1339.73234869
p_1425348,45.358015,-122.605643,73,1355.4159632
p_1425348,45.357889,-122.605751,74,1371.77773625
p_1425348,45.357708,-122.605907,75,1395.31637542
p_1425348,45.357573,-122.606022,76,1412.81799065
p_1425348,45.357387,-122.606184,77,1437.07595722
p_1425348,45.357308,-122.606254,78,1447.42832206
p_1425348,45.357269,-122.606287,79,1452.47540954
p_1425348,45.357228,-122.606313,80,1457.4667777
p_1425348,45.357169,-122.606344,81,1464.45940397
p_1425348,45.357142,-122.606352,82,1467.52492385
p_1425348,45.357108,-122.606356,83,1471.31661753
p_1425348,45.357086,-122.606351,84,1473.79285906
p_1425348,45.357057,-122.606338,85,1477.17301803
p_1425348,45.357028,-122.606323,86,1480.60365839
p_1425348,45.356999,-122.606298,87,1484.37528107
p_1425348,45.356968,-122.606267,88,1488.59076095
p_1425348,45.356935,-122.606219,89,1493.84402863
p_1425348,45.356854,-122.606068,90,1508.71110918
p_1425348,45.356838,-122.606038,91,1511.65860741
p_1425348,45.35678,-122.605925,92,1522.61071873
p_1425348,45.356734,-122.605831,93,1531.57657157
p_1425348,45.35666,-122.60568,94,1545.98592015
p_1425348,45.356476,-122.605306,95,1581.72078364
p_1425348,45.3564,-122.605151,96,1596.51440306
p_1425348,45.356353,-122.605063,97,1605.16491507
p_1425348,45.356308,-122.604978,98,1613.49391062
p_1425348,45.355977,-122.604314,99,1677.21430848
p_1425348,45.355925,-122.60421,100,1687.20469371
p_1425348,45.355234,-122.604905,101,1781.35081123
p_1425348,45.355183,-122.604954,102,1788.19692002
p_1425348,45.355123,-122.605015,103,1796.4014011
p_1425348,45.354804,-122.60534,104,1840.05315715
p_1425348,45.354627,-122.60552,105,1864.25872117
p_1425348,45.354488,-122.605662,106,1883.2970803
p_1425348,45.35444,-122.60571,107,1889.8243692
p_1425348,45.35401,-122.60485,108,1972.43883271
p_1425348,45.353577,-122.603985,109,2055.56618809
p_1425348,45.353223,-122.60328,110,2123.38805724
p_1425348,45.353144,-122.603123,111,2138.50239568
p_1425348,45.352715,-122.60227,112,2220.60668878
p_1425348,45.352384,-122.601612,113,2283.94643134
p_1425348,45.352273,-122.601422,114,2303.28196777
p_1425348,45.352211,-122.601331,115,2313.19816477
p_1425348,45.35216,-122.60127,116,2320.61277208
p_1425348,45.352095,-122.601205,117,2329.45192747
p_1425348,45.352018,-122.60114,118,2339.41075275
p_1425348,45.351969,-122.601108,119,2345.40614631
p_1425348,45.351905,-122.601074,120,2353.00164703
p_1425348,45.351822,-122.601037,121,2362.67109377
p_1425348,45.35162,-122.600973,122,2385.67447087
p_1425348,45.351012,-122.600804,123,2454.53232138
p_1425348,45.350834,-122.600754,124,2474.69929005
p_1425348,45.350629,-122.600691,125,2498.01146924
p_1425348,45.350339,-122.600613,126,2530.81616206
p_1425348,45.35027,-122.600606,127,2538.50432186
p_1425348,45.350207,-122.60061,128,2545.51306817
p_1425348,45.350168,-122.600615,129,2549.86514864
p_1425348,45.350122,-122.600626,130,2555.0496897
p_1425348,45.350067,-122.600649,131,2561.4225083
p_1425348,45.350016,-122.600683,132,2567.68558595
p_1425348,45.349939,-122.600746,133,2577.56525791
p_1425348,45.349595,-122.601122,134,2625.83405014
p_1425348,45.349303,-122.601435,135,2666.51346148
p_1425348,45.349231,-122.601512,136,2676.53560403
p_1425348,45.349085,-122.601665,137,2696.71114791
p_1425348,45.348909,-122.601829,138,2720.11598715
p_1425348,45.348836,-122.601895,139,2729.73755018
p_1425348,45.348767,-122.601951,140,2738.5730602
p_1425348,45.348682,-122.60202,141,2749.45795184
p_1425348,45.348587,-122.60209,142,2761.3561798
p_1425348,45.348424,-122.602202,143,2781.48608084
p_1425348,45.348229,-122.602337,144,2805.60257341
p_1425348,45.348105,-122.602422,145,2820.90922307
p_1425348,45.347943,-122.602532,146,2840.87101126
p_1425348,45.347791,-122.602643,147,2859.87222366
p_1425348,45.347677,-122.602736,148,2874.48874132
p_1425348,45.347581,-122.602818,149,2886.94387646
p_1425348,45.347504,-122.602897,150,2897.50625251
p_1425348,45.347408,-122.603004,151,2911.07644222
p_1425348,45.347251,-122.6032,152,2934.32291865
p_1425348,45.34719,-122.603273,153,2943.19367002
p_1425348,45.34713,-122.603345,154,2951.92895371
p_1425348,45.347158,-122.603467,155,2961.98367824
p_1425348,45.347172,-122.603554,156,2968.97708662
p_1425348,45.347172,-122.603651,157,2976.57890185
p_1425348,45.347147,-122.604011,158,3004.9283147
p_1425348,45.347086,-122.604671,159,3057.09445734
p_1425348,45.347073,-122.604825,160,3069.24951135
p_1425348,45.347068,-122.604934,161,3077.80982803
p_1425348,45.347075,-122.605071,162,3088.57458022
p_1425348,45.347088,-122.605218,163,3100.18512063
p_1425348,45.347113,-122.6054,164,3114.71643993
p_1425348,45.347148,-122.605606,165,3131.32252386
p_1425348,45.347186,-122.605796,166,3146.80001338
p_1425348,45.347197,-122.605895,167,3154.65429116
p_1425348,45.347203,-122.605969,168,3160.49182298
p_1425348,45.347204,-122.606056,169,3167.31084788
p_1425348,45.347198,-122.606149,170,3174.62962409
p_1425348,45.347187,-122.606244,171,3182.17440331
p_1425348,45.34717,-122.606339,172,3189.85547224
p_1425348,45.347129,-122.60649,173,3202.53621265
p_1425348,45.347042,-122.606755,174,3225.44462486
p_1425348,45.346939,-122.607089,175,3254.01369756
p_1425348,45.346896,-122.607191,176,3263.3270017
p_1425348,45.346852,-122.607272,177,3271.34007831
p_1425348,45.346783,-122.607389,178,3283.29340805
p_1425348,45.346568,-122.607706,179,3317.76294007
p_1425348,45.34652,-122.607787,180,3326.05482263
p_1425348,45.346489,-122.607863,181,3332.93563357
p_1425348,45.346465,-122.607945,182,3339.89355479
p_1425348,45.346451,-122.60802,183,3345.97377538
p_1425348,45.346444,-122.608106,184,3352.75836645
p_1425348,45.346442,-122.608203,185,3360.36352821
p_1425348,45.346442,-122.608257,186,3364.59552098
p_1425348,45.346438,-122.609106,187,3431.13333919
p_1425348,45.346433,-122.609333,188,3448.93206164
p_1425348,45.346434,-122.609393,189,3453.63558975
p_1425348,45.346438,-122.609434,190,3456.87937679
p_1425348,45.346447,-122.609502,191,3462.30160983
p_1425348,45.346459,-122.609556,192,3466.7387724
p_1425348,45.346563,-122.609929,193,3498.17299436
p_1425348,45.346581,-122.609999,194,3504.01226816
p_1425348,45.346589,-122.610044,195,3507.64927055
p_1425348,45.346595,-122.610085,196,3510.9309063
p_1425348,45.346599,-122.610131,197,3514.56323408
p_1425348,45.346601,-122.610201,198,3520.05363662
p_1425348,45.346603,-122.610302,199,3527.97212855
p_1425348,45.346596,-122.610914,200,3575.94088934
p_1425348,45.346598,-122.611496,201,3621.5527841
p_1425348,45.346596,-122.611573,202,3627.59136818
p_1425348,45.346592,-122.611627,203,3631.84663496
p_1425348,45.346586,-122.61168,204,3636.0534336
p_1425348,45.346575,-122.611739,205,3640.83615183
p_1425348,45.346562,-122.61179,206,3645.08614541
p_1425348,45.346516,-122.611949,207,3658.55496316
p_1425348,45.346475,-122.612077,208,3669.57276414
p_1425348,45.346447,-122.612166,209,3677.21041447
p_1425348,45.346341,-122.612462,210,3703.22797879
p_1425348,45.346239,-122.612738,211,3727.64877522
p_1425348,45.346191,-122.612859,212,3738.52915572
p_1425348,45.346167,-122.612912,213,3743.46548662
p_1425348,45.346148,-122.612952,214,3747.24518499
p_1425348,45.346131,-122.612982,215,3750.26137904
p_1425348,45.346109,-122.613022,216,3754.23697976
p_1425348,45.346091,-122.613052,217,3757.32400849
p_1425348,45.346053,-122.613113,218,3763.70289935
p_1425348,45.346006,-122.613182,219,3771.22134686
p_1425348,45.345742,-122.613519,220,3810.69807383
p_1425348,45.345615,-122.61369,221,3830.16141642
p_1425348,45.345492,-122.613854,222,3848.92487883
p_1425348,45.345331,-122.61408,223,3874.10195274
p_1425348,45.345173,-122.614307,224,3899.09892343
p_1425348,45.344798,-122.61485,225,3958.66394588
p_1425348,45.344748,-122.614923,226,3966.6396277
p_1425348,45.344726,-122.614998,227,3973.00582627
p_1425348,45.344698,-122.615094,228,3981.1477505
p_1425348,45.344122,-122.61592,229,4072.19052545
p_1425348,45.343859,-122.616304,230,4114.14403083
p_1425348,45.343442,-122.616922,231,4181.17986682
p_1425348,45.343395,-122.616998,232,4189.10226561
p_1425348,45.34337,-122.61705,233,4194.03474194
p_1425348,45.343356,-122.617088,234,4197.39492082
p_1425348,45.343345,-122.61714,235,4201.64980656
p_1425348,45.343337,-122.617195,236,4206.05114396
p_1425348,45.343305,-122.617713,237,4246.80463319
p_1425348,45.343293,-122.617973,238,4267.22561844
p_1425348,45.343288,-122.618086,239,4276.09936295
p_1425348,45.343256,-122.618779,240,4330.52928031
p_1425348,45.343238,-122.619639,241,4397.96115575
p_1425348,45.343228,-122.620075,242,4432.1505779
p_1425348,45.343225,-122.620188,243,4441.01318983
p_1425348,45.343221,-122.620255,244,4446.28307745
p_1425348,45.343216,-122.620311,245,4450.70709824
p_1425348,45.343212,-122.620354,246,4454.1064042
p_1425348,45.343202,-122.620424,247,4459.70407203
p_1425348,45.343184,-122.62052,248,4467.48945204
p_1425348,45.343165,-122.620613,249,4475.07801841
p_1425348,45.343141,-122.620709,250,4483.060804
p_1425348,45.343117,-122.620789,251,4489.87456378
p_1425348,45.343088,-122.620873,252,4497.20464783
p_1425348,45.343046,-122.620982,253,4506.9395861
p_1425348,45.34301,-122.621059,254,4514.18027327
p_1425348,45.342939,-122.621198,255,4527.63193689
p_1425348,45.342387,-122.622204,256,4627.53326703
p_1425348,45.342189,-122.622566,257,4663.43889943
p_1425348,45.342124,-122.622687,258,4675.36044372
p_1425348,45.342084,-122.622766,259,4682.98279431
p_1425348,45.342063,-122.622821,260,4687.88475438
p_1425348,45.342049,-122.622867,261,4691.81148322
p_1425348,45.342038,-122.622917,262,4695.9165625
p_1425348,45.342033,-122.623015,263,4703.61751676
p_1425348,45.341902,-122.623009,264,4718.18424774
p_1425348,45.341477,-122.622998,265,4765.42595867
p_1425348,45.341335,-122.622994,266,4781.21073217
p_1425348,45.341103,-122.62299,267,4806.9967575
p_1425348,45.340857,-122.622986,268,4834.33861148
p_1425348,45.340675,-122.622983,269,4854.56717363
p_1425348,45.340076,-122.622969,270,4921.14813552
p_1425348,45.3398534377541,-122.622964064876,271,4945.88637646
p_1425348,45.3398535383443,-122.622964038001,272,4945.89775261
p_1425348,45.339757,-122.622962,273,4956.62806052
p_1425348,45.339691,-122.62296,274,4963.96487087
p_1425348,45.339629,-122.62296,275,4970.85545262
p_1425348,45.338591,-122.622939,276,5086.22885846
p_1425348,45.338274,-122.622931,277,5121.46530828
p_1425348,45.337959,-122.622927,278,5156.47530349
p_1425348,45.337929,-122.622926,279,5159.81037615
p_1425348,45.337577,-122.622918,280,5198.93611038
p_1425348,45.337484,-122.622916,281,5209.2731679
p_1425348,45.337372,-122.622913,282,5221.72288644
p_1425348,45.337288,-122.622912,283,5231.05883855
p_1425348,45.337221,-122.622911,284,5238.50552176
p_1425348,45.337061,-122.622907,285,5256.2904242
p_1425348,45.336338,-122.622891,286,5336.65324324
p_1425348,45.336002,-122.62288,287,5374.00568085
p_1425348,45.335266,-122.622863,288,5455.81434997
p_1425348,45.335176,-122.622861,289,5465.81802803
p_1425348,45.334599,-122.622847,290,5529.95422914
p_1425348,45.334458,-122.622846,291,5545.62492761
p_1425348,45.334296,-122.622841,292,5563.63359963
p_1425348,45.334178,-122.622841,293,5576.74792013
p_1425348,45.334102,-122.622846,294,5585.20351994
p_1425348,45.334034,-122.622856,295,5592.80146864
p_1425348,45.33398,-122.622868,296,5598.8762068
p_1425348,45.333924,-122.622884,297,5605.22506641
p_1425348,45.33388,-122.622901,298,5610.29347105
p_1425348,45.333822,-122.622932,299,5617.18231495
p_1425348,45.333753,-122.622988,300,5626.01838366
p_1425348,45.333681,-122.623067,301,5636.13668693
p_1425348,45.333582,-122.623188,302,5650.66332639
p_1425348,45.33326,-122.623636,303,5700.80256922
p_1425348,45.33286,-122.624185,304,5762.6759909
p_1425348,45.332654,-122.624475,305,5794.93958773
p_1425348,45.332587,-122.624568,306,5805.36042993
p_1425348,45.332378,-122.624863,307,5838.1368907
p_1425348,45.332277,-122.624996,308,5853.45674094
p_1425348,45.332122,-122.625204,309,5877.17606053
p_1425348,45.332003,-122.625344,310,5894.36194733
p_1425348,45.331944,-122.625414,311,5902.9122064
p_1425348,45.331872,-122.625493,312,5913.03062832
p_1425348,45.331752,-122.625626,313,5929.9588475
p_1425348,45.331619,-122.625767,314,5948.41582156
p_1425348,45.331456,-122.625491,315,5976.63431038
p_1425348,45.331405,-122.625415,316,5984.85751744
p_1425348,45.331365,-122.62537,317,5990.53260934
p_1425348,45.331307,-122.625313,318,5998.375873
p_1425348,45.331256,-122.625277,319,6004.70761402
p_1425348,45.331167,-122.625232,320,6015.20913324
p_1425348,45.33112,-122.625213,321,6020.64083153
p_1425348,45.331005,-122.625171,322,6033.83899555
p_1425348,45.330927,-122.625135,323,6042.9555757
p_1425348,45.330874,-122.6251,324,6049.45356687
p_1425348,45.330793,-122.625033,325,6059.87593123
p_1425348,45.330727,-122.624959,326,6069.22770258
p_1425348,45.330682,-122.624889,327,6076.65226777
p_1425348,45.330608,-122.624775,328,6088.79732479
p_1425348,45.330078,-122.623933,329,6177.26452056
p_1425348,45.329976,-122.623772,330,6194.22928415
p_1425348,45.329279,-122.622673,331,6310.0875894
p_1425348,45.328595,-122.621587,332,6424.22350702
p_1425348,45.328151,-122.620866,333,6499.25552841
p_1425348,45.32784,-122.620361,334,6551.81047508
p_1425348,45.327705,-122.620151,335,6574.08479321
p_1425348,45.327652,-122.620068,336,6582.86177313
p_1425348,45.327314,-122.619525,337,6639.63542281
p_1425348,45.327095,-122.619178,338,6676.1380235
p_1425348,45.32697,-122.61898,339,6696.96940803
p_1425348,45.326808,-122.618724,340,6723.93142044
p_1425348,45.326601,-122.6184,341,6758.20177496
p_1425348,45.326775,-122.618174,342,6784.429268
p_1425348,45.326799,-122.618144,343,6787.98540421
p_1425348,45.326873,-122.618048,344,6799.13352683
p_1425348,45.325913,-122.616547,345,6957.97552384
p_1425348,45.325578,-122.616055,346,7011.58506616
p_1425348,45.32462,-122.614533,347,7171.50449342
p_1425348,45.324494,-122.614332,348,7192.58588778
p_1425348,45.324555,-122.614188,349,7205.75468485
p_1425348,45.324625,-122.614046,350,7219.3364259
p_1425348,45.324656,-122.613989,351,7224.97914686
p_1425348,45.324693,-122.613932,352,7231.05201789
p_1425348,45.324349,-122.613419,353,7286.54302976
p_1425348,45.324077,-122.613014,354,7330.38410018
p_1425348,45.323467,-122.612104,355,7428.80270696
p_1425348,45.323141,-122.611624,356,7481.04188877
p_1425348,45.322956,-122.611354,357,7510.55203952
p_1425348,45.322881,-122.611242,358,7522.65930625
p_1425348,45.322684,-122.610954,359,7554.11107575
p_1425348,45.32232,-122.610391,360,7613.98576511
p_1425348,45.322299,-122.610351,361,7617.89504494
p_1425348,45.322284,-122.610315,362,7621.17312214
p_1425348,45.322277,-122.610283,363,7623.79988487
p_1425348,45.322272,-122.610253,364,7626.21674247
p_1425348,45.322271,-122.610216,365,7629.11980312
p_1425348,45.32228,-122.610182,366,7631.96700473
p_1425348,45.322286,-122.610169,367,7633.18500445
p_1425348,45.322296,-122.610145,368,7635.37038927
p_1425348,45.32232,-122.610107,369,7639.36926352
p_1425348,45.322739,-122.609552,370,7703.10247303
p_1425348,45.322794,-122.609416,371,7715.39307898
p_1425348,45.322819,-122.609414,372,7718.17595238
p_1425348,45.322845,-122.609401,373,7721.24003052
p_1425348,45.322863,-122.60939,374,7723.41849993
p_1425348,45.32288,-122.609377,375,7725.56523595
p_1425348,45.322895,-122.609362,376,7727.60538279
p_1425348,45.322913,-122.60934,377,7730.24679968
p_1425348,45.322951,-122.60929,378,7736.00902712
p_1425348,45.323027,-122.609188,379,7747.64072145
p_1425348,45.323496,-122.608553,380,7819.72035657
p_1425348,45.324235,-122.607567,381,7932.50946512
p_1425348,45.324446,-122.607278,382,7965.1175247
p_1425348,45.324934,-122.606611,383,8040.45697721
p_1425348,45.325068,-122.60643,384,8061.02766856
p_1425348,45.325644,-122.605657,385,8149.17911501
p_1425348,45.326,-122.605181,386,8203.56679438
p_1425348,45.326247,-122.60485,387,8241.34188775
p_1425348,45.326592,-122.60439,388,8293.97933619
p_1425348,45.326962,-122.603898,389,8350.35936379
p_1425348,45.327209,-122.603566,390,8388.18805647
p_1425348,45.327638,-122.603004,391,8453.10644898
p_1425348,45.327839,-122.602743,392,8483.39982079
p_1425348,45.327946,-122.602606,393,8499.42377404
p_1425348,45.327974,-122.60257,394,8503.62482215
p_1425348,45.328029,-122.602463,395,8514.00403643
p_1425348,45.32797,-122.602395,396,8522.45476527
p_1425348,45.327913,-122.602322,397,8530.99186886
p_1425348,45.327853,-122.602243,398,8540.09256761
p_1425348,45.327768,-122.602113,399,8553.9888661
p_1425348,45.327603,-122.601864,400,8580.77188295
p_1425348,45.32733,-122.601441,401,8625.71914882
p_1425348,45.326935,-122.600834,402,8690.46238266
p_1425348,45.326544,-122.600246,403,8753.81327221
p_1425348,45.326013,-122.599447,404,8839.87412252
p_1425348,45.325866,-122.599227,405,8863.63101435
p_1425348,45.32558,-122.598802,406,8909.67998369
p_1425348,45.325023,-122.597982,407,8998.92673057
p_1425348,45.32465,-122.597424,408,9059.19527074
p_1425348,45.324504,-122.597205,409,9082.81912804
p_1425348,45.324078,-122.596559,410,9152.14908915
p_1425348,45.323416,-122.595556,411,9259.83747052
p_1425348,45.322609,-122.594348,412,9390.27540748
p_1425348,45.322001,-122.593432,413,9488.88444177
p_1425348,45.321848,-122.5932,414,9513.78438078
p_1425348,45.321756,-122.593062,415,9528.6710275
p_1425348,45.321553,-122.592756,416,9561.60435874
p_1425348,45.321507,-122.592686,417,9569.10487955
p_1425348,45.321365,-122.592472,418,9592.13922116
p_1425348,45.321015,-122.591944,419,9648.94471015
p_1425348,45.320854,-122.591701,420,9675.08215442
p_1425348,45.320566,-122.591267,421,9721.79839734
p_1425348,45.320006,-122.590424,422,9812.58513958
p_1425348,45.31946,-122.589598,423,9901.33555273
p_1425348,45.319324,-122.58937,424,9924.74582045
p_1425348,45.31921,-122.589134,425,9947.1718864
p_1425348,45.319157,-122.589008,426,9958.67397813
p_1425348,45.319093,-122.588832,427,9974.19901309
p_1425348,45.319024,-122.588579,428,9995.46687217
p_1425348,45.318987,-122.588422,429,10008.44559441
p_1425348,45.31895,-122.588202,430,10026.17874642
p_1425348,45.318925,-122.587991,431,10042.95455906
p_1425348,45.318913,-122.587838,432,10055.02491869
p_1425348,45.318907,-122.587632,433,10071.19077048
p_1425348,45.318911,-122.587456,434,10084.99777567
p_1425348,45.318922,-122.587267,435,10099.86726796
p_1425348,45.318936,-122.587118,436,10111.65324357
p_1425348,45.318977,-122.586865,437,10132.0071163
p_1425348,45.319211,-122.585698,438,10227.13314118
p_1425348,45.319443,-122.584545,439,10321.14218912
p_1425348,45.319713,-122.583194,440,10431.23865496
p_1425348,45.319724,-122.583137,441,10435.87204929
p_1425348,45.319749,-122.582957,442,10450.25621739
p_1425348,45.319766,-122.58279,443,10463.48580047
p_1425348,45.319779,-122.582586,444,10479.54595414
p_1425348,45.319791,-122.582434,445,10491.53820837
p_1425348,45.319817,-122.582232,446,10507.63785584
p_1425348,45.319855,-122.582004,447,10526.00671946
p_1425348,45.319938,-122.581575,448,10560.88518758
p_1425348,45.319977,-122.581368,449,10577.68418564
p_1425348,45.320009,-122.581152,450,10594.98942181
p_1425348,45.320031,-122.580977,451,10608.92673563
p_1425348,45.320036,-122.580917,452,10613.66384148
p_1425348,45.320283,-122.581047,453,10642.9462024
p_1425348,45.320449,-122.581135,454,10662.64312962
p_1425348,45.320571,-122.581199,455,10677.10073454
p_1425348,45.320706,-122.581366,456,10697.01444876
p_1425348,45.321219,-122.581599,457,10756.88357335
p_1425348,45.32128,-122.581604,458,10763.67431984
p_1425348,45.321333,-122.581572,459,10770.07671788
p_1425348,45.321359,-122.581513,460,10775.53094142
p_1425348,45.321442,-122.581064,461,10811.92317246
p_1425348,45.321575,-122.580342,462,10870.42933301
p_1425348,45.32081,-122.580047,463,10958.53993375
p_1425348,45.320741,-122.58002,464,10966.49529459
p_1425348,45.320682,-122.579997,465,10973.29589396
p_1425348,45.320503,-122.579928,466,10993.91209773
p_1425348,45.320393,-122.579892,467,11006.45890266
p_1425348,45.320344,-122.579884,468,11011.9406712
p_1425348,45.320006,-122.579892,469,11049.5105634
p_1425348,45.320015,-122.579681,470,11066.08458695
p_1425348,45.320041,-122.579469,471,11082.95609443
p_1425348,45.320076,-122.579267,472,11099.26491002
p_1425348,45.320165,-122.578829,473,11135.00305721
p_1425348,45.320225,-122.578542,474,11158.47293658
p_1425348,45.320282,-122.578267,475,11180.9460234
p_1425348,45.320395,-122.577708,476,11226.5388708
p_1425348,45.320405,-122.577664,477,11230.16334006
p_1425348,45.320458,-122.577434,478,11249.13436028
p_1425348,45.320637,-122.57752,479,11270.13975354
p_1425348,45.32091,-122.577705,480,11303.76940696
p_1425348,45.321278,-122.577948,481,11348.88823378
p_1425348,45.321473,-122.578068,482,11372.51435311
p_1425348,45.3218,-122.578238,483,11411.22362079
p_1425348,45.322013,-122.57833,484,11435.97059701
p_1425348,45.32231,-122.578454,485,11470.38058226
p_1425348,45.322514,-122.578525,486,11493.72613187
p_1425348,45.322847,-122.578625,487,11531.55647769
p_1425348,45.323142,-122.578693,488,11564.7728604
p_1425348,45.323425,-122.578735,489,11596.39684707
p_1425348,45.323622,-122.578845,490,11619.92838203
p_1425348,45.323605,-122.578602,491,11639.07345657
p_1425348,45.323563,-122.578273,492,11665.28658728
p_1425348,45.323535,-122.578107,493,11678.66814863
p_1425348,45.323496,-122.577945,494,11692.08846529
p_1425348,45.323448,-122.577796,495,11704.93076828
p_1425348,45.323393,-122.577644,496,11718.32409416
p_1425348,45.323367,-122.577577,497,11724.31934945
p_1425348,45.323328,-122.577492,498,11732.26907725
p_1425348,45.323248,-122.577343,499,11746.94961176
p_1425348,45.32316,-122.577208,500,11761.36068366
p_1425348,45.322962,-122.576945,501,11791.51716753
p_1425348,45.322869,-122.576865,502,11803.60725937
p_1425348,45.322542,-122.576805,503,11840.25260583
p_1425348,45.322368,-122.576812,504,11859.59841796
p_1425348,45.322032,-122.576787,505,11896.99221781
p_1425348,45.321951,-122.576782,506,11906.00293312
p_1425348,45.321704,-122.576717,507,11933.92308754
p_1425348,45.321583,-122.576624,508,11949.22042118
p_1425348,45.321481,-122.576546,509,11962.10090336
p_1425348,45.321361,-122.576417,510,11978.83892393
p_1425348,45.321165,-122.576105,511,12011.5942028
p_1425348,45.321271,-122.575985,512,12026.67084584
p_1425348,45.321347,-122.575831,513,12041.40628967
p_1425348,45.321988,-122.575226,514,12126.99317061
