trip_id,arrival_time,departure_time,stop_id,stop_sequence,timepoint
12,06:30:00,06:30:00,1,0,1
12,,,52,1,0
12,,,53,2,0
12,,,54,3,0
12,,,55,4,0
12,,,56,5,0
12,,,57,6,0
12,,,58,7,0
12,,,59,8,0
12,,,60,9,0
12,,,61,10,0
12,06:48:00,06:48:00,62,11,1
12,,,63,12,0
12,,,64,13,0
12,,,65,14,0
12,06:55:00,06:55:00,66,15,1
12,,,67,16,0
12,,,68,17,0
12,,,69,18,0
12,,,70,19,0
12,07:05:00,07:05:00,71,20,1
12,,,72,21,0
12,,,73,22,0
12,07:15:00,07:15:00,74,23,1
12,,,75,24,0
12,,,76,25,0
12,,,77,26,0
12,,,78,27,0
12,07:22:00,07:22:00,79,28,1
12,,,80,29,0
12,,,81,30,0
12,,,82,31,0
12,07:29:00,07:29:00,83,32,1
12,,,84,33,0
12,,,85,34,0
12,,,86,35,0
12,,,87,36,0
12,,,54,37,0
12,,,55,38,0
12,,,56,39,0
12,,,57,40,0
12,,,88,41,0
12,08:00:00,08:00:00,1,42,1
13,15:30:00,15:30:00,1,0,1
13,,,52,1,0
13,,,53,2,0
13,,,54,3,0
13,,,55,4,0
13,,,56,5,0
13,,,57,6,0
13,,,58,7,0
13,,,59,8,0
13,,,60,9,0
13,,,61,10,0
13,15:48:00,15:48:00,62,11,1
13,,,63,12,0
13,,,64,13,0
13,,,65,14,0
13,15:55:00,15:55:00,66,15,1
13,,,67,16,0
13,,,68,17,0
13,,,69,18,0
13,,,70,19,0
13,16:05:00,16:05:00,71,20,1
13,,,72,21,0
13,,,73,22,0
13,16:15:00,16:15:00,74,23,1
13,,,75,24,0
13,,,76,25,0
13,,,77,26,0
13,,,78,27,0
13,16:22:00,16:22:00,79,28,1
13,,,80,29,0
13,,,81,30,0
13,,,82,31,0
13,16:29:00,16:29:00,83,32,1
13,,,84,33,0
13,,,85,34,0
13,,,86,35,0
13,,,87,36,0
13,,,54,37,0
13,,,55,38,0
13,,,56,39,0
13,,,57,40,0
13,,,88,41,0
13,17:05:00,17:05:00,1,42,1
14,17:05:00,17:05:00,1,0,1
14,,,52,1,0
14,,,53,2,0
14,,,54,3,0
14,,,55,4,0
14,,,56,5,0
14,,,57,6,0
14,,,58,7,0
14,,,59,8,0
14,,,60,9,0
14,,,61,10,0
14,17:23:00,17:23:00,62,11,1
14,,,63,12,0
14,,,64,13,0
14,,,65,14,0
14,17:30:00,17:30:00,66,15,1
14,,,67,16,0
14,,,68,17,0
14,,,69,18,0
14,,,70,19,0
14,17:40:00,17:40:00,71,20,1
14,,,72,21,0
14,,,73,22,0
14,17:50:00,17:50:00,74,23,1
14,,,75,24,0
14,,,76,25,0
14,,,77,26,0
14,,,78,27,0
14,17:57:00,17:57:00,79,28,1
14,,,80,29,0
14,,,81,30,0
14,,,82,31,0
14,18:04:00,18:04:00,83,32,1
14,,,84,33,0
14,,,85,34,0
14,,,86,35,0
14,,,87,36,0
14,,,54,37,0
14,,,55,38,0
14,,,56,39,0
14,,,57,40,0
14,,,88,41,0
14,18:35:00,18:35:00,1,42,1
15,18:35:00,18:35:00,1,0,1
15,,,52,1,0
15,,,53,2,0
15,,,54,3,0
15,,,55,4,0
15,,,56,5,0
15,,,57,6,0
15,,,58,7,0
15,,,59,8,0
15,,,60,9,0
15,,,61,10,0
15,18:53:00,18:53:00,62,11,1
15,,,63,12,0
15,,,64,13,0
15,,,65,14,0
15,19:00:00,19:00:00,66,15,1
15,,,67,16,0
15,,,68,17,0
15,,,69,18,0
15,,,70,19,0
15,19:10:00,19:10:00,71,20,1
15,,,72,21,0
15,,,73,22,0
15,19:20:00,19:20:00,74,23,1
15,,,75,24,0
15,,,76,25,0
15,,,77,26,0
15,,,78,27,0
15,19:27:00,19:27:00,79,28,1
15,,,80,29,0
15,,,81,30,0
15,,,82,31,0
15,19:34:00,19:34:00,83,32,1
15,,,84,33,0
15,,,85,34,0
15,,,86,35,0
15,,,87,36,0
15,,,54,37,0
15,,,55,38,0
15,,,56,39,0
15,,,57,40,0
15,,,88,41,0
15,19:54:00,19:54:00,1,42,1
16,09:30:00,09:30:00,1,0,1
16,,,52,1,0
16,,,53,2,0
16,,,54,3,0
16,,,55,4,0
16,,,56,5,0
16,,,57,6,0
16,,,58,7,0
16,,,59,8,0
16,,,60,9,0
16,,,61,10,0
16,09:48:00,09:48:00,62,11,1
16,,,63,12,0
16,,,64,13,0
16,,,65,14,0
16,09:55:00,09:55:00,66,15,1
16,,,67,16,0
16,,,68,17,0
16,,,69,18,0
16,,,70,19,0
16,10:05:00,10:05:00,71,20,1
16,,,72,21,0
16,,,73,22,0
16,10:12:00,10:15:00,74,23,1
16,,,75,24,0
16,,,76,25,0
16,,,77,26,0
16,,,78,27,0
16,10:22:00,10:22:00,79,28,1
16,,,80,29,0
16,,,81,30,0
16,,,82,31,0
16,10:29:00,10:29:00,83,32,1
16,,,84,33,0
16,,,85,34,0
16,,,86,35,0
16,,,87,36,0
16,,,54,37,0
16,,,55,38,0
16,,,56,39,0
16,,,57,40,0
16,,,88,41,0
16,10:49:00,11:00:00,1,42,1
17,17:05:00,17:05:00,1,0,1
17,,,52,1,0
17,,,53,2,0
17,,,54,3,0
17,,,55,4,0
17,,,56,5,0
17,,,57,6,0
17,,,58,7,0
17,,,59,8,0
17,,,60,9,0
17,,,61,10,0
17,17:23:00,17:23:00,62,11,1
17,,,63,12,0
17,,,64,13,0
17,,,65,14,0
17,17:30:00,17:30:00,66,15,1
17,,,67,16,0
17,,,68,17,0
17,,,69,18,0
17,,,70,19,0
17,17:40:00,17:40:00,71,20,1
17,,,72,21,0
17,,,73,22,0
17,17:47:00,17:47:00,74,23,1
17,,,75,24,0
17,,,76,25,0
17,,,77,26,0
17,,,78,27,0
17,17:57:00,17:57:00,79,28,1
17,,,80,29,0
17,,,81,30,0
17,,,82,31,0
17,18:04:00,18:04:00,83,32,1
17,,,84,33,0
17,,,85,34,0
17,,,86,35,0
17,,,87,36,0
17,,,54,37,0
17,,,55,38,0
17,,,56,39,0
17,,,57,40,0
17,,,88,41,0
17,18:24:00,18:24:00,1,42,1
25,06:30:00,06:30:00,1,0,1
25,,,124,1,0
25,,,125,2,0
25,,,126,3,0
25,,,127,4,0
25,,,128,5,0
25,,,129,6,0
25,,,130,7,0
25,06:45:00,06:45:00,131,8,1
25,,,132,9,0
25,,,133,10,0
25,06:49:00,06:49:00,134,11,1
25,,,135,12,0
25,,,136,13,0
25,,,137,14,0
25,06:56:00,06:56:00,138,15,1
25,,,139,16,0
25,,,140,17,0
25,,,141,18,0
25,,,142,19,0
25,,,143,20,0
25,,,144,21,0
25,,,145,22,0
25,,,146,23,0
25,,,147,24,0
25,07:15:00,07:15:00,74,25,1
25,,,148,26,0
25,,,149,27,0
25,,,150,28,0
25,,,151,29,0
25,07:26:00,07:26:00,152,30,1
25,,,153,31,0
25,,,154,32,0
25,,,155,33,0
25,07:33:00,07:33:00,156,34,1
25,,,157,35,0
25,,,158,36,0
25,07:36:00,07:36:00,159,37,1
25,,,160,38,0
25,,,161,39,0
25,,,162,40,0
25,,,163,41,0
25,,,3002034,42,0
25,,,164,43,0
25,,,165,44,0
25,,,166,45,0
25,08:00:00,08:00:00,1,46,1
26,15:30:00,15:30:00,1,0,1
26,,,124,1,0
26,,,125,2,0
26,,,126,3,0
26,,,127,4,0
26,,,128,5,0
26,,,129,6,0
26,,,130,7,0
26,15:45:00,15:45:00,131,8,1
26,,,132,9,0
26,,,133,10,0
26,15:49:00,15:49:00,134,11,1
26,,,135,12,0
26,,,136,13,0
26,,,137,14,0
26,15:56:00,15:56:00,138,15,1
26,,,139,16,0
26,,,140,17,0
26,,,141,18,0
26,,,142,19,0
26,,,143,20,0
26,,,144,21,0
26,,,145,22,0
26,,,146,23,0
26,,,147,24,0
26,16:15:00,16:15:00,74,25,1
26,,,148,26,0
26,,,149,27,0
26,,,150,28,0
26,,,151,29,0
26,16:26:00,16:26:00,152,30,1
26,,,153,31,0
26,,,154,32,0
26,,,155,33,0
26,16:33:00,16:33:00,156,34,1
26,,,157,35,0
26,,,158,36,0
26,16:36:00,16:36:00,159,37,1
26,,,160,38,0
26,,,161,39,0
26,,,162,40,0
26,,,163,41,0
26,,,3002034,42,0
26,,,164,43,0
26,,,165,44,0
26,,,166,45,0
26,17:05:00,17:05:00,1,46,1
27,17:05:00,17:05:00,1,0,1
27,,,124,1,0
27,,,125,2,0
27,,,126,3,0
27,,,127,4,0
27,,,128,5,0
27,,,129,6,0
27,,,130,7,0
27,17:20:00,17:20:00,131,8,1
27,,,132,9,0
27,,,133,10,0
27,17:24:00,17:24:00,134,11,1
27,,,135,12,0
27,,,136,13,0
27,,,137,14,0
27,17:31:00,17:31:00,138,15,1
27,,,139,16,0
27,,,140,17,0
27,,,141,18,0
27,,,142,19,0
27,,,143,20,0
27,,,144,21,0
27,,,145,22,0
27,,,146,23,0
27,,,147,24,0
27,17:50:00,17:50:00,74,25,1
27,,,148,26,0
27,,,149,27,0
27,,,150,28,0
27,,,151,29,0
27,18:01:00,18:01:00,152,30,1
27,,,153,31,0
27,,,154,32,0
27,,,155,33,0
27,18:08:00,18:08:00,156,34,1
27,,,157,35,0
27,,,158,36,0
27,18:11:00,18:11:00,159,37,1
27,,,160,38,0
27,,,161,39,0
27,,,162,40,0
27,,,163,41,0
27,,,3002034,42,0
27,,,164,43,0
27,,,165,44,0
27,,,166,45,0
27,18:35:00,18:35:00,1,46,1
28,18:35:00,18:35:00,1,0,1
28,,,124,1,0
28,,,125,2,0
28,,,126,3,0
28,,,127,4,0
28,,,128,5,0
28,,,129,6,0
28,,,130,7,0
28,18:50:00,18:50:00,131,8,1
28,,,132,9,0
28,,,133,10,0
28,18:54:00,18:54:00,134,11,1
28,,,135,12,0
28,,,136,13,0
28,,,137,14,0
28,19:01:00,19:01:00,138,15,1
28,,,139,16,0
28,,,140,17,0
28,,,141,18,0
28,,,142,19,0
28,,,143,20,0
28,,,144,21,0
28,,,145,22,0
28,,,146,23,0
28,,,147,24,0
28,19:20:00,19:20:00,74,25,1
28,,,148,26,0
28,,,149,27,0
28,,,150,28,0
28,,,151,29,0
28,19:31:00,19:31:00,152,30,1
28,,,153,31,0
28,,,154,32,0
28,,,155,33,0
28,19:38:00,19:38:00,156,34,1
28,,,157,35,0
28,,,158,36,0
28,19:41:00,19:41:00,159,37,1
28,,,160,38,0
28,,,161,39,0
28,,,162,40,0
28,,,163,41,0
28,,,3002034,42,0
28,,,164,43,0
28,,,165,44,0
28,,,166,45,0
28,19:56:00,19:56:00,1,46,1
29,09:30:00,09:30:00,1,0,1
29,,,124,1,0
29,,,125,2,0
29,,,126,3,0
29,,,127,4,0
29,,,128,5,0
29,,,129,6,0
29,,,130,7,0
29,09:45:00,09:45:00,131,8,1
29,,,132,9,0
29,,,133,10,0
29,09:49:00,09:49:00,134,11,1
29,,,135,12,0
29,,,136,13,0
29,,,137,14,0
29,09:56:00,09:56:00,138,15,1
29,,,139,16,0
29,,,140,17,0
29,,,141,18,0
29,,,142,19,0
29,,,143,20,0
29,,,144,21,0
29,,,145,22,0
29,,,146,23,0
29,,,147,24,0
29,10:04:00,10:15:00,74,25,1
29,,,148,26,0
29,,,149,27,0
29,,,150,28,0
29,,,151,29,0
29,10:26:00,10:26:00,152,30,1
29,,,153,31,0
29,,,154,32,0
29,,,155,33,0
29,10:33:00,10:33:00,156,34,1
29,,,157,35,0
29,,,158,36,0
29,10:36:00,10:36:00,159,37,1
29,,,160,38,0
29,,,161,39,0
29,,,162,40,0
29,,,163,41,0
29,,,3002034,42,0
29,,,164,43,0
29,,,165,44,0
29,,,166,45,0
29,10:51:00,11:00:00,1,46,1
30,17:05:00,17:05:00,1,0,1
30,,,124,1,0
30,,,125,2,0
30,,,126,3,0
30,,,127,4,0
30,,,128,5,0
30,,,129,6,0
30,,,130,7,0
30,17:20:00,17:20:00,131,8,1
30,,,132,9,0
30,,,133,10,0
30,17:24:00,17:24:00,134,11,1
30,,,135,12,0
30,,,136,13,0
30,,,137,14,0
30,17:31:00,17:31:00,138,15,1
30,,,139,16,0
30,,,140,17,0
30,,,141,18,0
30,,,142,19,0
30,,,143,20,0
30,,,144,21,0
30,,,145,22,0
30,,,146,23,0
30,,,147,24,0
30,17:39:00,17:50:00,74,25,1
30,,,148,26,0
30,,,149,27,0
30,,,150,28,0
30,,,151,29,0
30,18:01:00,18:01:00,152,30,1
30,,,153,31,0
30,,,154,32,0
30,,,155,33,0
30,18:08:00,18:08:00,156,34,1
30,,,157,35,0
30,,,158,36,0
30,18:11:00,18:11:00,159,37,1
30,,,160,38,0
30,,,161,39,0
30,,,162,40,0
30,,,163,41,0
30,,,3002034,42,0
30,,,164,43,0
30,,,165,44,0
30,,,166,45,0
30,18:26:00,18:26:00,1,46,1
5,07:55:00,07:55:00,1,0,1
5,,,23,1,0
5,,,24,2,0
5,,,25,3,0
5,,,26,4,0
5,08:03:00,08:03:00,27,5,1
5,,,28,6,0
5,,,29,7,0
5,,,30,8,0
5,,,31,9,0
5,08:15:00,08:15:00,32,10,1
5,,,33,11,0
5,,,34,12,0
5,08:27:00,08:27:00,35,13,1
5,,,36,14,0
5,,,37,15,0
5,08:40:00,08:40:00,38,16,1
5,,,37,17,0
5,,,39,18,0
5,08:52:00,08:52:00,40,19,1
5,,,34,20,0
5,,,41,21,0
5,09:04:00,09:04:00,32,22,1
5,,,42,23,0
5,,,43,24,0
5,,,44,25,0
5,,,45,26,0
5,,,46,27,0
5,09:17:00,09:17:00,47,28,1
5,,,48,29,0
5,,,49,30,0
5,,,50,31,0
5,,,51,32,0
5,09:25:00,09:25:00,1,33,1
6,15:25:00,15:25:00,1,0,1
6,,,23,1,0
6,,,24,2,0
6,,,25,3,0
6,,,26,4,0
6,15:33:00,15:33:00,27,5,1
6,,,28,6,0
6,,,29,7,0
6,,,30,8,0
6,,,31,9,0
6,15:45:00,15:45:00,32,10,1
6,,,33,11,0
6,,,34,12,0
6,15:57:00,15:57:00,35,13,1
6,,,36,14,0
6,,,37,15,0
6,16:10:00,16:10:00,38,16,1
6,,,37,17,0
6,,,39,18,0
6,16:22:00,16:22:00,40,19,1
6,,,34,20,0
6,,,41,21,0
6,16:34:00,16:34:00,32,22,1
6,,,42,23,0
6,,,43,24,0
6,,,44,25,0
6,,,45,26,0
6,,,46,27,0
6,16:47:00,16:47:00,47,28,1
6,,,48,29,0
6,,,49,30,0
6,,,50,31,0
6,,,51,32,0
6,17:05:00,17:05:00,1,33,1
7,17:05:00,17:05:00,1,0,1
7,,,23,1,0
7,,,24,2,0
7,,,25,3,0
7,,,26,4,0
7,17:13:00,17:13:00,27,5,1
7,,,28,6,0
7,,,29,7,0
7,,,30,8,0
7,,,31,9,0
7,17:25:00,17:25:00,32,10,1
7,,,33,11,0
7,,,34,12,0
7,17:37:00,17:37:00,35,13,1
7,,,36,14,0
7,,,37,15,0
7,17:50:00,17:50:00,38,16,1
7,,,37,17,0
7,,,39,18,0
7,18:02:00,18:02:00,40,19,1
7,,,34,20,0
7,,,41,21,0
7,18:14:00,18:14:00,32,22,1
7,,,42,23,0
7,,,43,24,0
7,,,44,25,0
7,,,45,26,0
7,,,46,27,0
7,18:27:00,18:27:00,47,28,1
7,,,48,29,0
7,,,49,30,0
7,,,50,31,0
7,,,51,32,0
7,18:35:00,18:35:00,1,33,1
8,18:35:00,18:35:00,1,0,1
8,,,23,1,0
8,,,24,2,0
8,,,25,3,0
8,,,26,4,0
8,18:43:00,18:43:00,27,5,1
8,,,28,6,0
8,,,29,7,0
8,,,30,8,0
8,,,31,9,0
8,18:55:00,18:55:00,32,10,1
8,,,33,11,0
8,,,34,12,0
8,19:07:00,19:07:00,35,13,1
8,,,36,14,0
8,,,37,15,0
8,19:20:00,19:20:00,38,16,1
8,,,37,17,0
8,,,39,18,0
8,19:32:00,19:32:00,40,19,1
8,,,34,20,0
8,,,41,21,0
8,19:44:00,19:44:00,32,22,1
8,,,42,23,0
8,,,43,24,0
8,,,44,25,0
8,,,45,26,0
8,,,46,27,0
8,19:57:00,19:57:00,47,28,1
8,,,48,29,0
8,,,49,30,0
8,,,50,31,0
8,,,51,32,0
8,20:07:00,20:07:00,1,33,1
9,09:25:00,09:25:00,1,0,1
9,,,23,1,0
9,,,24,2,0
9,,,25,3,0
9,,,26,4,0
9,09:33:00,09:33:00,27,5,1
9,,,28,6,0
9,,,29,7,0
9,,,30,8,0
9,,,31,9,0
9,09:45:00,09:45:00,32,10,1
9,,,33,11,0
9,,,34,12,0
9,09:57:00,09:57:00,35,13,1
9,,,36,14,0
9,,,37,15,0
9,10:09:00,10:10:00,38,16,1
9,,,37,17,0
9,,,39,18,0
9,10:22:00,10:22:00,40,19,1
9,,,34,20,0
9,,,41,21,0
9,10:34:00,10:34:00,32,22,1
9,,,42,23,0
9,,,43,24,0
9,,,44,25,0
9,,,45,26,0
9,,,46,27,0
9,10:47:00,10:47:00,47,28,1
9,,,48,29,0
9,,,49,30,0
9,,,50,31,0
9,,,51,32,0
9,10:55:00,10:55:00,1,33,1
10,15:25:00,15:25:00,1,0,1
10,,,23,1,0
10,,,24,2,0
10,,,25,3,0
10,,,26,4,0
10,15:33:00,15:33:00,27,5,1
10,,,28,6,0
10,,,29,7,0
10,,,30,8,0
10,,,31,9,0
10,15:45:00,15:45:00,32,10,1
10,,,33,11,0
10,,,34,12,0
10,15:57:00,15:57:00,35,13,1
10,,,36,14,0
10,,,37,15,0
10,16:09:00,16:10:00,38,16,1
10,,,37,17,0
10,,,39,18,0
10,16:22:00,16:22:00,40,19,1
10,,,34,20,0
10,,,41,21,0
10,16:34:00,16:34:00,32,22,1
10,,,42,23,0
10,,,43,24,0
10,,,44,25,0
10,,,45,26,0
10,,,46,27,0
10,16:47:00,16:47:00,47,28,1
10,,,48,29,0
10,,,49,30,0
10,,,50,31,0
10,,,51,32,0
10,16:55:00,16:55:00,1,33,1
33,06:35:00,06:35:00,1,0,1
33,,,2,1,0
33,,,3,2,0
33,,,4,3,0
33,,,5,4,0
33,,,6,5,0
33,,,7,6,0
33,06:48:00,06:48:00,8,7,1
33,,,9,8,0
33,,,10,9,0
33,,,11,10,0
33,06:57:00,06:57:00,12,11,1
33,07:01:00,07:01:00,13,12,1
33,07:16:00,07:16:00,14,13,1
33,07:24:00,07:24:00,13,14,1
33,07:29:00,07:29:00,15,15,1
33,,,16,16,0
33,,,9,17,0
33,,,10,18,0
33,07:38:00,07:38:00,8,19,1
33,,,17,20,0
33,,,18,21,0
33,,,19,22,0
33,,,20,23,0
33,,,22,24,0
33,08:05:00,08:05:00,1,25,1
11,17:05:00,17:05:00,1,0,1
11,,,23,1,0
11,,,24,2,0
11,,,25,3,0
11,,,26,4,0
11,17:13:00,17:13:00,27,5,1
11,,,28,6,0
11,,,29,7,0
11,,,30,8,0
11,,,31,9,0
11,17:25:00,17:25:00,32,10,1
11,,,33,11,0
11,,,34,12,0
11,17:37:00,17:37:00,35,13,1
11,,,36,14,0
11,,,37,15,0
11,17:49:00,17:49:00,38,16,1
11,17:50:00,17:50:00,37,17,1
11,,,39,18,0
11,18:02:00,18:02:00,40,19,1
11,,,34,20,0
11,,,41,21,0
11,18:14:00,18:14:00,32,22,1
11,,,42,23,0
11,,,43,24,0
11,,,44,25,0
11,,,45,26,0
11,,,46,27,0
11,18:27:00,18:27:00,47,28,1
11,,,48,29,0
11,,,49,30,0
11,,,50,31,0
11,,,51,32,0
11,18:37:00,18:37:00,1,33,1
1,08:05:00,08:05:00,1,0,1
1,,,2,1,0
1,,,3,2,0
1,,,4,3,0
1,,,5,4,0
1,,,6,5,0
1,,,7,6,0
1,08:18:00,08:18:00,8,7,1
1,,,9,8,0
1,,,10,9,0
1,,,11,10,0
1,08:27:00,08:27:00,12,11,1
1,08:31:00,08:31:00,13,12,1
1,08:46:00,08:46:00,14,13,1
1,08:54:00,08:54:00,13,14,1
1,08:59:00,08:59:00,15,15,1
1,,,16,16,0
1,,,9,17,0
1,,,10,18,0
1,09:08:00,09:08:00,8,19,1
1,,,17,20,0
1,,,18,21,0
1,,,19,22,0
1,,,20,23,0
1,,,21,24,0
1,,,22,25,0
1,09:35:00,09:35:00,1,26,1
2,18:35:00,18:35:00,1,0,1
2,,,2,1,0
2,,,3,2,0
2,,,4,3,0
2,,,5,4,0
2,,,6,5,0
2,,,7,6,0
2,18:48:00,18:48:00,8,7,1
2,,,9,8,0
2,,,10,9,0
2,,,11,10,0
2,18:57:00,18:57:00,12,11,1
2,19:01:00,19:01:00,13,12,1
2,19:16:00,19:16:00,14,13,1
2,19:24:00,19:24:00,13,14,1
2,19:29:00,19:29:00,15,15,1
2,,,16,16,0
2,,,9,17,0
2,,,10,18,0
2,19:38:00,19:38:00,8,19,1
2,,,17,20,0
2,,,18,21,0
2,,,19,22,0
2,,,20,23,0
2,,,21,24,0
2,,,22,25,0
2,19:48:00,19:48:00,1,26,1
3,09:35:00,09:35:00,1,0,1
3,,,2,1,0
3,,,3,2,0
3,,,4,3,0
3,,,5,4,0
3,,,6,5,0
3,,,7,6,0
3,09:45:00,09:45:00,8,7,1
3,,,9,8,0
3,,,10,9,0
3,,,11,10,0
3,09:54:00,09:54:00,12,11,1
3,09:58:00,09:58:00,13,12,1
3,10:16:00,10:16:00,14,13,1
3,10:24:00,10:24:00,13,14,1
3,10:29:00,10:29:00,15,15,1
3,,,16,16,0
3,,,9,17,0
3,,,10,18,0
3,10:38:00,10:38:00,8,19,1
3,,,17,20,0
3,,,18,21,0
3,,,19,22,0
3,,,20,23,0
3,,,21,24,0
3,,,22,25,0
3,11:05:00,11:05:00,1,26,1
34,17:05:00,17:05:00,1,0,1
34,,,2,1,0
34,,,3,2,0
34,,,4,3,0
34,,,5,4,0
34,,,6,5,0
34,,,7,6,0
34,17:15:00,17:15:00,8,7,1
34,,,9,8,0
34,,,10,9,0
34,,,11,10,0
34,17:25:00,17:25:00,12,11,1
34,17:28:00,17:28:00,13,12,1
34,17:46:00,17:46:00,14,13,1
34,17:54:00,17:54:00,13,14,1
34,17:59:00,17:59:00,15,15,1
34,,,16,16,0
34,,,9,17,0
34,,,10,18,0
34,18:08:00,18:08:00,8,19,1
34,,,17,20,0
34,,,18,21,0
34,,,19,22,0
34,,,20,23,0
34,,,21,24,0
34,,,22,25,0
34,18:18:00,18:18:00,1,26,1
32,05:35:00,05:35:00,107,0,1
32,,,108,1,0
32,,,109,2,0
32,,,110,3,0
32,,,111,4,0
32,,,112,5,0
32,,,113,6,0
32,05:47:00,05:47:00,100,7,1
32,,,114,8,0
32,,,115,9,0
32,,,116,10,0
32,,,117,11,0
32,05:53:00,05:53:00,32,12,1
32,,,118,13,0
32,06:01:00,06:01:00,94,14,1
32,,,119,15,0
32,,,120,16,0
32,,,121,17,0
32,,,122,18,0
32,,,123,19,0
32,06:30:00,06:30:00,1,20,1
18,06:30:00,06:30:00,1,0,1
18,,,89,1,0
18,,,90,2,0
18,,,91,3,0
18,,,92,4,0
18,,,93,5,0
18,06:40:00,06:40:00,94,6,1
18,,,95,7,0
18,06:48:00,06:48:00,32,8,1
18,,,96,9,0
18,,,97,10,0
18,,,98,11,0
18,,,99,12,0
18,06:55:00,06:55:00,100,13,1
18,,,101,14,0
18,,,102,15,0
18,,,103,16,0
18,,,104,17,0
18,,,105,18,0
18,,,106,19,0
18,07:15:00,07:15:00,107,20,1
18,,,108,21,0
18,,,109,22,0
18,,,110,23,0
18,,,111,24,0
18,,,112,25,0
18,,,113,26,0
18,07:27:00,07:27:00,100,27,1
18,,,114,28,0
18,,,115,29,0
18,,,116,30,0
18,,,117,31,0
18,07:33:00,07:33:00,32,32,1
18,,,118,33,0
18,07:41:00,07:41:00,94,34,1
18,,,119,35,0
18,,,120,36,0
18,,,121,37,0
18,,,122,38,0
18,,,123,39,0
18,08:00:00,08:00:00,1,40,1
19,15:30:00,15:30:00,1,0,1
19,,,89,1,0
19,,,90,2,0
19,,,91,3,0
19,,,92,4,0
19,,,93,5,0
19,15:40:00,15:40:00,94,6,1
19,,,95,7,0
19,15:48:00,15:48:00,32,8,1
19,,,96,9,0
19,,,97,10,0
19,,,98,11,0
19,,,99,12,0
19,15:55:00,15:55:00,100,13,1
19,,,101,14,0
19,,,102,15,0
19,,,103,16,0
19,,,104,17,0
19,,,105,18,0
19,,,106,19,0
19,16:15:00,16:15:00,107,20,1
19,,,108,21,0
19,,,109,22,0
19,,,110,23,0
19,,,111,24,0
19,,,112,25,0
19,,,113,26,0
19,16:27:00,16:27:00,100,27,1
19,,,114,28,0
19,,,115,29,0
19,,,116,30,0
19,,,117,31,0
19,16:33:00,16:33:00,32,32,1
19,,,118,33,0
19,16:41:00,16:41:00,94,34,1
19,,,119,35,0
19,,,120,36,0
19,,,121,37,0
19,,,122,38,0
19,,,123,39,0
19,17:05:00,17:05:00,1,40,1
20,17:05:00,17:05:00,1,0,1
20,,,89,1,0
20,,,90,2,0
20,,,91,3,0
20,,,92,4,0
20,,,93,5,0
20,17:15:00,17:15:00,94,6,1
20,,,95,7,0
20,17:18:00,17:18:00,32,8,1
20,,,96,9,0
20,,,97,10,0
20,,,98,11,0
20,,,99,12,0
20,17:23:00,17:23:00,100,13,1
20,,,101,14,0
20,,,102,15,0
20,,,103,16,0
20,,,104,17,0
20,,,105,18,0
20,,,106,19,0
20,17:30:00,17:30:00,107,20,1
20,,,108,21,0
20,,,109,22,0
20,,,110,23,0
20,,,111,24,0
20,,,112,25,0
20,,,113,26,0
20,18:02:00,18:02:00,100,27,1
20,,,114,28,0
20,,,115,29,0
20,,,116,30,0
20,,,117,31,0
20,18:08:00,18:08:00,32,32,1
20,,,118,33,0
20,18:16:00,18:16:00,94,34,1
20,,,119,35,0
20,,,120,36,0
20,,,121,37,0
20,,,122,38,0
20,,,123,39,0
20,18:35:00,18:35:00,1,40,1
21,18:35:00,18:35:00,1,0,1
21,,,89,1,0
21,,,90,2,0
21,,,91,3,0
21,,,92,4,0
21,,,93,5,0
21,18:45:00,18:45:00,94,6,1
21,,,95,7,0
21,18:53:00,18:53:00,32,8,1
21,,,96,9,0
21,,,97,10,0
21,,,98,11,0
21,,,99,12,0
21,19:00:00,19:00:00,100,13,1
21,,,101,14,0
21,,,102,15,0
21,,,103,16,0
21,,,104,17,0
21,,,105,18,0
21,,,106,19,0
21,19:20:00,19:20:00,107,20,1
21,,,108,21,0
21,,,109,22,0
21,,,110,23,0
21,,,111,24,0
21,,,112,25,0
21,,,113,26,0
21,19:32:00,19:32:00,100,27,1
21,,,114,28,0
21,,,115,29,0
21,,,116,30,0
21,,,117,31,0
21,19:38:00,19:38:00,32,32,1
21,,,118,33,0
21,19:46:00,19:46:00,94,34,1
21,,,119,35,0
21,,,120,36,0
21,,,121,37,0
21,,,122,38,0
21,,,123,39,0
21,19:58:00,19:58:00,1,40,1
22,09:30:00,09:30:00,1,0,1
22,,,89,1,0
22,,,90,2,0
22,,,91,3,0
22,,,92,4,0
22,,,93,5,0
22,09:40:00,09:40:00,94,6,1
22,,,95,7,0
22,09:48:00,09:48:00,32,8,1
22,,,96,9,0
22,,,97,10,0
22,,,98,11,0
22,,,99,12,0
22,09:55:00,09:55:00,100,13,1
22,,,101,14,0
22,,,102,15,0
22,,,103,16,0
22,,,104,17,0
22,,,105,18,0
22,,,106,19,0
22,10:10:00,10:15:00,107,20,1
22,,,108,21,0
22,,,109,22,0
22,,,110,23,0
22,,,111,24,0
22,,,112,25,0
22,,,113,26,0
22,10:27:00,10:27:00,100,27,1
22,,,114,28,0
22,,,115,29,0
22,,,116,30,0
22,,,117,31,0
22,10:33:00,10:33:00,32,32,1
22,,,118,33,0
22,10:41:00,10:41:00,94,34,1
22,,,119,35,0
22,,,120,36,0
22,,,121,37,0
22,,,122,38,0
22,,,123,39,0
22,10:53:00,11:00:00,1,40,1
23,17:05:00,17:05:00,1,0,1
23,,,89,1,0
23,,,90,2,0
23,,,91,3,0
23,,,92,4,0
23,,,93,5,0
23,17:15:00,17:15:00,94,6,1
23,,,95,7,0
23,17:23:00,17:23:00,32,8,1
23,,,96,9,0
23,,,97,10,0
23,,,98,11,0
23,,,99,12,0
23,17:30:00,17:30:00,100,13,1
23,,,101,14,0
23,,,102,15,0
23,,,103,16,0
23,,,104,17,0
23,,,105,18,0
23,,,106,19,0
23,17:45:00,17:50:00,107,20,1
23,,,108,21,0
23,,,109,22,0
23,,,110,23,0
23,,,111,24,0
23,,,112,25,0
23,,,113,26,0
23,18:02:00,18:02:00,100,27,1
23,,,114,28,0
23,,,115,29,0
23,,,116,30,0
23,,,117,31,0
23,18:08:00,18:08:00,32,32,1
23,,,118,33,0
23,18:16:00,18:16:00,94,34,1
23,,,119,35,0
23,,,120,36,0
23,,,121,37,0
23,,,122,38,0
23,,,123,39,0
23,18:28:00,18:28:00,1,40,1
4,06:15:00,06:15:00,1,0,1
4,,,23,1,0
4,,,24,2,0
4,,,25,3,0
4,,,26,4,0
4,06:23:00,06:23:00,27,5,1
4,,,28,6,0
4,,,29,7,0
4,,,30,8,0
4,,,31,9,0
4,06:35:00,06:35:00,32,10,1
4,,,33,11,0
4,,,34,12,0
4,,,35,13,0
4,,,36,14,0
4,,,37,15,0
4,07:00:00,07:00:00,38,16,1
4,,,37,17,0
4,,,39,18,0
4,07:12:00,07:12:00,40,19,1
4,,,34,20,0
4,,,41,21,0
4,07:24:00,07:24:00,32,22,1
4,,,42,23,0
4,,,43,24,0
4,,,44,25,0
4,,,45,26,0
4,,,46,27,0
4,07:37:00,07:37:00,47,28,1
4,,,48,29,0
4,,,49,30,0
4,,,50,31,0
4,,,51,32,0
4,07:55:00,07:55:00,1,33,1
31,05:35:00,05:35:00,74,0,1
31,,,148,1,0
31,,,149,2,0
31,,,150,3,0
31,,,151,4,0
31,,,152,5,1
31,05:46:00,05:46:00,153,6,0
31,,,154,7,0
31,,,155,8,0
31,,,156,9,1
31,05:53:00,05:53:00,157,10,0
31,,,158,11,0
31,,,159,12,1
31,05:56:00,05:56:00,160,13,0
31,,,161,14,0
31,,,162,15,0
31,,,163,16,0
31,,,3002035,17,0
31,,,164,18,0
31,,,165,19,0
31,,,166,20,0
31,06:30:00,06:30:00,1,21,1
24,05:35:00,05:35:00,74,0,1
24,,,75,1,0
24,,,76,2,0
24,,,77,3,0
24,,,78,4,0
24,05:42:00,05:42:00,79,5,1
24,,,80,6,0
24,,,81,7,0
24,,,82,8,0
24,05:48:00,05:48:00,83,9,1
24,,,84,10,0
24,,,85,11,0
24,,,86,12,0
24,,,87,13,0
24,,,88,14,0
24,06:30:00,06:30:00,1,15,1
