shape_id,shape_pt_lat,shape_pt_lon,shape_pt_sequence,shape_dist_traveled
p_1056,45.14176,-122.85754,1,0
p_1056,45.14169,-122.85744,2,11.06259723
p_1056,45.14067,-122.85876,3,164.77938358
p_1056,45.13912,-122.86065,4,392.31404674
p_1056,45.13777,-122.86235,5,593.28556344
p_1056,45.13595,-122.86456,6,859.98769331
p_1056,45.1359,-122.86467,7,870.27093219
p_1056,45.13589,-122.86488,8,886.82692287
p_1056,45.13591,-122.8651,9,904.27432928
p_1056,45.13977,-122.86326,10,1357.01020982
p_1056,45.141355361964,-122.86259338277,11,1540.83480656
p_1056,45.141192564559,-122.86215743551,12,1579.60381289
p_1056,45.141185942808,-122.86216011772,13,1580.36935988
p_1056,45.141347319299,-122.86258992527,14,1618.63767617
p_1056,45.14474,-122.86111,15,2013.23932899
p_1056,45.14568,-122.8608,16,2120.51316644
p_1056,45.14604,-122.86073,17,2160.89862434
p_1056,45.14697,-122.86037,18,2268.06155804
p_1056,45.14853,-122.85991,19,2445.16576932
p_1056,45.14947,-122.85964,20,2551.76843962
p_1056,45.151107832005,-122.85906390675,21,2739.34175979
p_1056,45.151111,-122.859062,22,2739.72443452
p_1056,45.151996,-122.858764,23,2840.83192822
p_1056,45.153099,-122.858398,24,2966.74705557
p_1056,45.154212,-122.858024,25,3093.8883027
p_1056,45.154903,-122.857749,26,3173.66900232
p_1056,45.155395,-122.857559,27,3230.35176261
p_1056,45.155418,-122.857673,28,3239.67327917
p_1056,45.155467,-122.859725,29,3401.1207824
p_1056,45.15547,-122.85973,30,3401.63628069
p_1056,45.15556,-122.86338,31,3688.82188026
p_1056,45.15562,-122.86606,32,3899.66418732
p_1056,45.15567,-122.86951,33,4171.00519283
p_1056,45.15567,-122.86976,34,4190.66345248
p_1056,45.15338,-122.86984,35,4445.23987474
p_1056,45.15281,-122.86976,36,4508.89830048
p_1056,45.15192,-122.86943,37,4611.15580895
p_1056,45.15135,-122.86944,38,4674.50749208
p_1056,45.15136,-122.87,39,4718.55933765
p_1056,45.151374,-122.870002,40,4720.12315302
p_1056,45.151401,-122.871772,41,4859.34639528
p_1056,45.151409,-122.872222,42,4894.74506891
p_1056,45.151424,-122.873069,43,4961.37306471
p_1056,45.151428,-122.873359,44,4984.18267072
p_1056,45.151371,-122.873519,45,4998.26956453
p_1056,45.15126,-122.873382,46,5014.64775452
p_1056,45.15113,-122.873344,47,5029.40107848
p_1056,45.150928,-122.873329,48,5051.8812631
p_1056,45.150959,-122.875732,49,5240.88347665
p_1056,45.151058,-122.875732,50,5251.88581477
p_1056,45.151111,-122.875747,51,5257.89290977
p_1056,45.151378,-122.875885,52,5289.48809292
p_1056,45.151588,-122.875923,53,5313.01692191
p_1056,45.151615,-122.875946,54,5316.52051759
p_1056,45.15230456193,-122.87594264997,55,5393.15526109
p_1056,45.152322789236,-122.87637968308,56,5427.58216736
p_1056,45.152257787893,-122.87676307201,57,5458.58436255
p_1056,45.152228726172,-122.87705258363,58,5481.57885894
p_1056,45.152226146318,-122.87734745966,59,5504.76902568
p_1056,45.15167107844,-122.87739112253,60,5566.55183751
p_1056,45.151657,-122.876724,61,5619.03671047
p_1056,45.151649,-122.876029,62,5673.69774272
p_1056,45.151615,-122.875946,63,5681.23958901
p_1056,45.151588,-122.875923,64,5684.74318469
p_1056,45.151378,-122.875885,65,5708.27201368
p_1056,45.151111,-122.875747,66,5739.86719683
p_1056,45.151058,-122.875732,67,5745.87429183
p_1056,45.150959,-122.875732,68,5756.87662995
p_1056,45.150966,-122.876144,69,5789.28544732
p_1056,45.150989,-122.87751,70,5896.73740007
p_1056,45.150993,-122.878265,71,5956.11186654
p_1056,45.15102,-122.878372,72,5965.04530447
p_1056,45.151042,-122.879142,73,6025.64699742
p_1056,45.151016,-122.879341,74,6041.56076786
p_1056,45.151031,-122.880004,75,6093.72535225
p_1056,45.151058,-122.881423,76,6205.35499671
p_1056,45.151058,-122.882034,77,6253.40365858
p_1056,45.151062,-122.882225,78,6268.43035675
p_1056,45.151058,-122.883522,79,6370.42659924
p_1056,45.1511,-122.883743,80,6388.42179294
p_1056,45.1511,-122.88417,81,6422.00078402
p_1056,45.151878,-122.884155,82,6508.47165604
p_1056,45.152042,-122.884124,83,6526.86006136
p_1056,45.152397,-122.884117,84,6566.31673836
p_1056,45.152374,-122.882568,85,6688.15312808
p_1056,45.152362,-122.881004,86,6811.14953287
p_1056,45.152427,-122.880561,87,6846.72704915
p_1056,45.152519,-122.880226,88,6874.98515329
p_1056,45.152641,-122.879943,89,6901.04446101
p_1056,45.152751,-122.879753,90,6920.34941953
p_1056,45.152873,-122.879585,91,6939.27987472
p_1056,45.153652,-122.8787,92,7050.35761589
p_1056,45.154159,-122.87815,93,7121.38800836
p_1056,45.154331,-122.878013,94,7143.32992448
p_1056,45.155544,-122.877372,95,7287.25144275
p_1056,45.155974099844,-122.8771159294,96,7339.1185087
p_1056,45.156381499351,-122.87669892625,97,7395.02128859
p_1056,45.157218986394,-122.8759078353,98,7506.96853855
p_1056,45.157424740387,-122.87635592492,99,7548.97190472
p_1056,45.155845,-122.877952,100,7764.78100263
p_1056,45.155857,-122.877937,101,7766.56137834
p_1056,45.155845,-122.877952,102,7768.34175405
p_1056,45.155532911152,-122.87826850066,103,7811.03084221
p_1056,45.15483280947,-122.87890622356,104,7903.5964677
p_1056,45.154213727336,-122.87930046033,105,7979.05967997
p_1056,45.153984981887,-122.87954474869,106,8010.9229467
p_1056,45.153697396346,-122.8788180172,107,8076.40013316
p_1056,45.153492670227,-122.87911906258,108,8109.23413759
p_1056,45.153352255264,-122.87945229448,109,8139.7328046
p_1056,45.153219406072,-122.87984185276,110,8173.73850277
p_1056,45.153022244381,-122.88024213988,111,8212.09118887
p_1056,45.152762661068,-122.88057268957,112,8250.92294825
p_1056,45.152544690729,-122.88094079018,113,8288.66814646
p_1056,45.152438321438,-122.88132766625,114,8321.30705772
p_1056,45.152366,-122.881736,115,8354.40804465
p_1056,45.152374,-122.882568,116,8419.84054917
p_1056,45.152397,-122.884117,117,8541.67693889
p_1056,45.152442,-122.884483,118,8570.88953028
p_1056,45.152484,-122.884651,119,8584.90095365
p_1056,45.152626,-122.88504,120,8619.32169385
p_1056,45.152679,-122.885253,121,8637.07688842
p_1056,45.152706,-122.88552,122,8658.28633586
p_1056,45.152713,-122.886093,123,8703.35211498
p_1056,45.152717,-122.886276,124,8717.74956921
p_1056,45.151721,-122.886421,125,8829.02553162
p_1056,45.151527,-122.886398,126,8850.66140401
p_1056,45.151523,-122.887123,127,8907.67622277
p_1056,45.151508,-122.888092,128,8983.89540568
p_1056,45.151496,-122.88906,129,9060.02941675
p_1056,45.151489,-122.88948,130,9093.06686637
p_1056,45.15151,-122.88948,131,9095.40069587
p_1056,45.15145,-122.89204,132,9296.82642774
p_1056,45.15273,-122.89206,133,9439.08760131
p_1056,45.1532,-122.8919,134,9492.81492755
p_1056,45.15365,-122.89143,135,9555.0003854
p_1056,45.15479,-122.89003,136,9722.8422217
p_1056,45.1552,-122.88976,137,9773.11106406
p_1056,45.15547,-122.88958,138,9806.28817325
p_1056,45.15678,-122.88903,139,9958.16259513
p_1056,45.15661,-122.88829,140,10019.34034173
p_1056,45.156612,-122.888366,141,10025.32048639
p_1056,45.156368,-122.887229,142,10118.74686265
p_1056,45.156154,-122.886238,143,10200.21990983
p_1056,45.156165,-122.886223,144,10201.91863023
p_1056,45.155993,-122.885389,145,10270.22719021
p_1056,45.155022,-122.885832,146,10383.62218328
p_1056,45.153786,-122.886099,147,10522.58007651
p_1056,45.153785,-122.886085,148,10523.6865706
p_1056,45.153625,-122.8861,149,10541.50721478
p_1056,45.153522,-122.886192,150,10555.04860215
p_1056,45.152717,-122.886276,151,10644.75561533
p_1056,45.151721,-122.886421,152,10756.03157774
p_1056,45.151527,-122.886398,153,10777.66745013
p_1056,45.151157,-122.886337,154,10819.06616058
p_1056,45.151004,-122.886276,155,10836.73347759
p_1056,45.150981,-122.886009,156,10857.88523122
p_1056,45.150997,-122.883735,157,11036.72023998
p_1056,45.151058,-122.883522,158,11054.79029549
p_1056,45.151062,-122.882225,159,11156.78653798
p_1056,45.151058,-122.882034,160,11171.81323615
p_1056,45.151058,-122.881423,161,11219.86189802
p_1056,45.151031,-122.880004,162,11331.49154248
p_1056,45.151016,-122.879341,163,11383.65612687
p_1056,45.150962,-122.87915,164,11399.8307956
p_1056,45.150962,-122.878372,165,11461.01233682
p_1056,45.150993,-122.878265,166,11470.10474025
p_1056,45.150989,-122.87751,167,11529.47920672
p_1056,45.150241,-122.877548,168,11612.66167272
p_1056,45.150001,-122.877548,169,11639.3340034
p_1056,45.149532,-122.877563,170,11691.46952639
p_1056,45.148933,-122.877578,171,11758.04965878
p_1056,45.148948,-122.87873,172,11848.66091609
p_1056,45.148788,-122.87873,173,11866.44246596
p_1056,45.148647,-122.878753,174,11882.21650424
p_1056,45.148601,-122.878768,175,11887.46303587
p_1056,45.148418,-122.878898,176,11910.22575427
p_1056,45.148319,-122.878952,177,11922.01922772
p_1056,45.148166,-122.87899,178,11939.2834504
p_1056,45.147426,-122.879013,179,12021.54299243
p_1056,45.147392,-122.879013,180,12025.32157081
p_1056,45.147422,-122.878669,181,12052.57991096
p_1056,45.14743,-122.878257,182,12084.99358927
p_1056,45.147418,-122.877136,183,12173.16402369
p_1056,45.147403,-122.875785,184,12279.42568067
p_1056,45.147396,-122.875396,185,12310.02824651
p_1056,45.147377,-122.875183,186,12326.91207043
p_1056,45.147327,-122.874885,187,12350.99787368
p_1056,45.14727,-122.874671,188,12368.98049827
p_1056,45.147102,-122.874237,189,12407.8851515
p_1056,45.147598,-122.873794,190,12473.09491341
p_1056,45.147735,-122.873687,191,12490.49103511
p_1056,45.148025,-122.873519,192,12525.32310087
p_1056,45.148288,-122.873428,193,12555.41490433
p_1056,45.148574,-122.873359,194,12587.65929974
p_1056,45.150619,-122.873336,195,12814.93696054
p_1056,45.150612,-122.87326,196,12820.96401717
p_1056,45.150944,-122.873255,197,12857.86284059
p_1056,45.15089,-122.87096,198,13038.44041534
p_1056,45.15086,-122.8702,199,13098.29945846
p_1056,45.1507,-122.86963,200,13146.52221589
p_1056,45.14991,-122.86862,201,13264.91491854
p_1056,45.14978,-122.8683,202,13293.93240728
p_1056,45.1497,-122.8679,203,13326.6211802
p_1056,45.14968,-122.86622,204,13458.75719648
p_1056,45.14963,-122.86192,205,13796.9604835
p_1056,45.14957,-122.86069,206,13893.91895068
p_1056,45.14945,-122.85934,207,14000.91932897
p_1056,45.14943,-122.8581,208,14098.46024842
p_1056,45.14969,-122.85687,209,14199.41279384
p_1056,45.15076,-122.85322,210,14510.10772811
p_1056,45.15191,-122.84926,211,14846.72407739
p_1056,45.15207,-122.84831,212,14923.51730208
p_1056,45.15206,-122.84713,213,15016.31679261
p_1056,45.15169,-122.84377,214,15283.7218281
p_1056,45.15157,-122.84211,215,15414.94134826
p_1056,45.15152,-122.84059,216,15534.6012804
p_1056,45.1513811156011,-122.835011210312,217,15973.58227173
p_1056,45.1513762580693,-122.834998326398,218,15974.73029446
p_1056,45.15127,-122.83163,219,16239.87527259
p_1056,45.15105,-122.83146,220,16267.74113529
p_1056,45.14923,-122.83313,221,16508.90236141
p_1056,45.14906,-122.83322,222,16529.07750866
p_1056,45.14697,-122.83501,223,16800.67791793
p_1056,45.146961,-122.83506,224,16804.73538232
p_1056,45.146732,-122.835266,225,16834.90429679
p_1056,45.145286,-122.836547,226,17024.57361942
p_1056,45.143981,-122.837707,227,17195.91292259
p_1056,45.142616,-122.83892,228,17375.11709235
p_1056,45.142688,-122.839096,229,17391.1059522
p_1056,45.142753,-122.839523,230,17425.45797695
p_1056,45.143154,-122.842384,231,17654.847722
p_1056,45.143196,-122.842697,232,17679.90384348
p_1056,45.14319,-122.84271,233,17681.124516
p_1056,45.14338,-122.84413,234,17794.78621504
p_1056,45.14338,-122.84459,235,17830.96518694
p_1056,45.14319,-122.84638,236,17973.32352425
p_1056,45.14293,-122.84765,237,18077.30491505
p_1056,45.14288,-122.84791,238,18098.49559999
p_1056,45.14282,-122.84991,239,18255.93820317
p_1056,45.14288,-122.85065,240,18314.52042849
p_1056,45.14323,-122.85274,241,18483.43916861
p_1056,45.14287,-122.85316,242,18535.32236201
p_1056,45.141258,-122.855147,243,18773.0576918
p_1056,45.141491,-122.855679,244,18822.26514574
p_1056,45.14225,-122.856771,245,18942.64728942
p_1056,45.141901231283,-122.8572236202,246,18995.27496336
p_1056,45.141686722444,-122.85744936533,247,19024.9998035
p_1056,45.141756,-122.857541,248,19035.5459565
p_1056,45.141750080901,-122.85752645767,249,19036.86541418
p_1056,45.142241813627,-122.85823256945,250,19114.78085328
p_1056,45.142773675143,-122.85754570007,251,19194.85750273
p_1056,45.142265,-122.856773,252,19277.85897248
p_1056,45.142066,-122.856544,253,19306.38109657
p_1056,45.141673702957,-122.85595367361,254,19370.07208982
p_1056,45.141483,-122.85569,255,19399.72441646
p_1056,45.141254,-122.855155,256,19448.90115518
p_1056,45.141136,-122.854881,257,19474.12842801
p_1056,45.140949,-122.854438,258,19514.69882231
p_1056,45.140796,-122.854087,259,19547.1223784
p_1056,45.14046,-122.853286,260,19620.35878252
p_1056,45.140174,-122.852615,261,19681.9676906
p_1056,45.140056,-122.852256,262,19713.10124844
p_1056,45.139964038755,-122.85184803985,263,19746.77742876
p_1056,45.139887127245,-122.85186741977,264,19755.45980792
p_1056,45.139855623002,-122.85175537144,265,19764.94294072
p_1056,45.139586388802,-122.85191214848,266,19797.30556767
p_1056,45.139582956659,-122.85191093254,267,19797.69880484
p_1056,45.139518771186,-122.85173225778,268,19813.45917641
p_1056,45.139808752516,-122.85159639398,269,19847.41169821
p_1056,45.139885631676,-122.85186910262,270,19870.50053635
p_1056,45.139953050884,-122.85183067503,271,19878.57980833
p_1056,45.13964,-122.85036,272,19999.37415942
p_1056,45.13878,-122.84823,273,20192.25550819
p_1056,45.13831,-122.84715,274,20291.97842385
p_1056,45.13771,-122.84561,275,20430.25113281
p_1056,45.137,-122.84392,276,20584.83798495
p_1056,45.13745,-122.84353,277,20643.50752894
p_1056,45.13839,-122.84266,278,20768.39213666
p_1056,45.13907,-122.8421,279,20855.86345028
p_1056,45.13988,-122.84129,280,20966.14707048
p_1056,45.14022,-122.84101,281,21009.88247898
p_1056,45.14187,-122.83962,282,21223.37221682
p_1056,45.14329,-122.83832,283,21411.41118446
p_1056,45.14599,-122.8359,284,21766.74632372
p_1056,45.14757,-122.83446,285,21975.69174066
p_1056,45.14906,-122.83322,286,22167.86336639
p_1056,45.14916,-122.83301,287,22187.76936778
p_1056,45.14976,-122.83246,288,22267.24981962
p_1056,45.15127,-122.83107,289,22467.52456407
p_1056,45.1513,-122.83248,290,22578.45576501
p_1056,45.15155,-122.84138,291,23278.89301845
p_1056,45.151547,-122.841377,292,23279.30144811
p_1056,45.151616,-122.842898,293,23399.15641145
p_1056,45.151755,-122.844488,294,23525.14230178
p_1056,45.151971,-122.846143,295,23657.48396502
p_1056,45.152061,-122.847131,296,23735.81954711
p_1056,45.152065,-122.848314,297,23828.84936212
p_1056,45.151912,-122.849261,298,23905.23617965
p_1056,45.150481,-122.854168,299,24322.60539324
p_1056,45.150466,-122.854187,300,24324.84402739
p_1056,45.150413,-122.85437,301,24340.39392464
p_1056,45.149929,-122.85408,302,24398.81807589
p_1056,45.149765,-122.853981,303,24418.63735599
p_1056,45.149688,-122.853965,304,24427.2867395
p_1056,45.149604,-122.853981,305,24436.7064702
p_1056,45.149517,-122.854049,306,24447.75550379
p_1056,45.148223,-122.855659,307,24639.35923668
p_1056,45.147693,-122.85633,308,24718.44167908
p_1056,45.147155,-122.857009,309,24798.60655651
p_1056,45.146626641782,-122.85765266634,310,24876.1334342
p_1056,45.14603395859,-122.85667359622,311,24977.46220211
p_1056,45.146032978737,-122.8566724785,312,24977.60215017
p_1056,45.14493,-122.8549,313,25163.23096898
p_1056,45.14418,-122.85582,314,25273.60686352
p_1056,45.14332,-122.85695,315,25404.11849226
p_1056,45.14278,-122.85755,316,25480.46270504
p_1056,45.142255135149,-122.85678624271,317,25564.19388933
p_1056,45.141939459613,-122.85718189682,318,25611.08912398
p_1056,45.141688917568,-122.85743336805,319,25645.24289363
p_1056,45.14176,-122.85754,320,25656.7643757
p_898123,45.141777,-122.857513,1,0
p_898123,45.141994,-122.857857,2,36.2440834
p_898123,45.142048,-122.857796,3,43.92742221
p_898123,45.142475,-122.857246,4,108.13962494
p_898123,45.142525,-122.857185,5,115.48096986
p_898123,45.142738,-122.857521,6,150.95940563
p_898123,45.14278,-122.85759,7,158.11749673
p_898123,45.142834,-122.857674,8,167.04291952
p_898123,45.143253,-122.858353,9,237.89686853
p_898123,45.143715,-122.859123,10,317.29321354
p_898123,45.144196,-122.859871,11,396.78178725
p_898123,45.144646,-122.860596,12,472.62607943
p_898123,45.144894,-122.86097,13,512.93531552
p_898123,45.144909,-122.860992,14,515.33796551
p_898123,45.144932,-122.861038,15,519.76764969
p_898123,45.144951,-122.861115,16,526.181101
p_898123,45.145741,-122.860847,17,616.47206413
p_898123,45.145882,-122.861069,18,639.9323291
p_898123,45.145924,-122.861122,19,646.19023716
p_898123,45.14595,-122.861145,20,649.59922745
p_898123,45.145973,-122.861153,21,652.23161905
p_898123,45.146065,-122.861168,22,662.52383697
p_898123,45.146069,-122.861748,23,708.14082471
p_898123,45.146084,-122.862778,24,789.16359387
p_898123,45.146084,-122.862877,25,796.94956974
p_898123,45.146103,-122.864075,26,891.19138519
p_898123,45.146111,-122.864479,27,922.97688234
p_898123,45.146111,-122.864685,28,939.17799619
p_898123,45.146137,-122.86615,29,1054.43085619
p_898123,45.146141,-122.866325,30,1068.20110889
p_898123,45.146168,-122.868073,31,1205.7072771
p_898123,45.146172,-122.868248,32,1219.47752235
p_898123,45.146175,-122.868477,33,1237.49056451
p_898123,45.146179,-122.868591,34,1246.46723299
p_898123,45.146179,-122.868736,35,1257.87091608
p_898123,45.146183,-122.868904,36,1271.09093496
p_898123,45.146217,-122.870834,37,1422.92485803
p_898123,45.146221,-122.870972,38,1433.78711109
p_898123,45.146225,-122.871246,39,1455.34070799
p_898123,45.146229,-122.871368,40,1464.94581541
p_898123,45.146233,-122.871483,41,1474.0010258
p_898123,45.146244,-122.871628,42,1485.47003522
p_898123,45.146255,-122.871735,43,1493.97348899
p_898123,45.146275,-122.871895,44,1506.75164218
p_898123,45.14629,-122.872017,45,1516.49018671
p_898123,45.146309,-122.872131,46,1525.7011202
p_898123,45.146332,-122.872253,47,1535.63056143
p_898123,45.146362,-122.872398,48,1547.51159846
p_898123,45.146389,-122.872505,49,1556.44567737
p_898123,45.146416,-122.872604,50,1564.78981045
p_898123,45.146465,-122.872765,51,1578.57312747
p_898123,45.14653,-122.872955,52,1595.17029867
p_898123,45.146595,-122.873123,53,1610.2285703
p_898123,45.146652,-122.87326,54,1622.72722855
p_898123,45.146843,-122.873665,55,1661.00361839
p_898123,45.147049,-122.874123,56,1703.68291428
p_898123,45.147102,-122.874237,57,1714.41017606
p_898123,45.147137,-122.874313,58,1721.54140665
p_898123,45.147198,-122.874466,59,1735.3523537
p_898123,45.147243,-122.87458,60,1745.61834732
p_898123,45.14727,-122.874672,61,1753.45119089
p_898123,45.147301,-122.874779,62,1762.5440962
p_898123,45.147327,-122.874886,63,1771.44133435
p_898123,45.14735,-122.875008,64,1781.37061068
p_898123,45.147366,-122.875092,65,1788.21187214
p_898123,45.147377,-122.875183,66,1795.47217709
p_898123,45.147388,-122.875282,67,1803.35336533
p_898123,45.147396,-122.875397,68,1812.44106901
p_898123,45.1474,-122.875648,69,1832.1858218
p_898123,45.147404,-122.875786,70,1843.04785057
p_898123,45.147404,-122.875961,71,1856.81062159
p_898123,45.147419,-122.877136,72,1949.23282154
p_898123,45.147423,-122.877281,73,1960.6449184
p_898123,45.14743,-122.878258,74,2037.48441079
p_898123,45.14743,-122.878349,75,2044.64104846
p_898123,45.147434,-122.878502,76,2056.6818455
p_898123,45.147423,-122.87867,77,2069.95053533
p_898123,45.147411,-122.878822,78,2081.97864322
p_898123,45.147392,-122.879013,79,2097.14741339
p_898123,45.147434,-122.879013,80,2101.81506903
p_898123,45.14817,-122.87899,81,2183.63018055
p_898123,45.148235,-122.878983,82,2190.87488016
p_898123,45.14827,-122.878967,83,2194.96305461
p_898123,45.148319,-122.878952,84,2200.53495898
p_898123,45.148365,-122.878929,85,2205.95771346
p_898123,45.148418,-122.878899,86,2212.30278876
p_898123,45.14856,-122.878799,87,2229.93488926
p_898123,45.148602,-122.878777,88,2234.91288154
p_898123,45.148651,-122.878754,89,2240.65102129
p_898123,45.148705,-122.878738,90,2246.78278702
p_898123,45.148788,-122.878731,91,2256.02337804
p_898123,45.148949,-122.878731,92,2273.9160626
p_898123,45.148941,-122.878197,93,2315.92045404
p_898123,45.148941,-122.87812,94,2321.97591054
p_898123,45.148933,-122.877579,95,2364.5306822
p_898123,45.148922,-122.876808,96,2425.1762264
p_898123,45.148903,-122.875771,97,2506.75565597
p_898123,45.14946,-122.875771,98,2568.65767986
p_898123,45.149971,-122.875755,99,2625.46145077
p_898123,45.150139,-122.875748,100,2644.14019553
p_898123,45.150414,-122.87574,101,2674.70871654
p_898123,45.150536,-122.87574,102,2688.26715215
p_898123,45.150631,-122.875732,103,2698.84367803
p_898123,45.150951,-122.875725,104,2734.41104994
p_898123,45.151081,-122.87574,105,2748.90663955
p_898123,45.151192,-122.875793,106,2761.92766199
p_898123,45.151287,-122.875847,107,2773.30746896
p_898123,45.151379,-122.875885,108,2783.95960938
p_898123,45.151535,-122.875923,109,2801.55227886
p_898123,45.151657,-122.875938,110,2815.16193193
p_898123,45.151665,-122.876724,111,2876.97822767
p_898123,45.151657,-122.875938,112,2938.79452341
p_898123,45.151535,-122.875923,113,2952.40417648
p_898123,45.151379,-122.875885,114,2969.99684596
p_898123,45.151245,-122.875938,115,2985.46114077
p_898123,45.151146,-122.876015,116,2998.01968824
p_898123,45.151089,-122.876129,117,3008.9968118
p_898123,45.151108,-122.877556,118,3121.23499355
p_898123,45.151131,-122.879295,119,3258.01261651
p_898123,45.151138,-122.87986,120,3302.45061736
p_898123,45.151146,-122.881363,121,3420.64877741
p_898123,45.151142,-122.881592,122,3438.66265451
p_898123,45.151142,-122.882088,123,3477.66773025
p_898123,45.151131,-122.882553,124,3514.255421
p_898123,45.1511,-122.884171,125,3641.54044492
p_898123,45.151062,-122.886032,126,3787.94919436
p_898123,45.151058,-122.886185,127,3799.98922862
p_898123,45.151527,-122.886185,128,3852.11141889
p_898123,45.151806,-122.886177,129,3883.12439322
p_898123,45.152031,-122.886154,130,3908.19503825
p_898123,45.152584,-122.886108,131,3969.75892152
p_898123,45.152714,-122.886093,132,3984.25451252
p_898123,45.152855,-122.886078,133,3999.96884677
p_898123,45.153038,-122.886063,134,4020.34068635
p_898123,45.153522,-122.886032,135,4074.18512693
p_898123,45.153625,-122.886101,136,4086.85285248
p_898123,45.15377,-122.886093,137,4102.97967032
p_898123,45.154102,-122.886063,138,4139.95175781
p_898123,45.154266,-122.88604,139,4158.26737918
p_898123,45.154392,-122.886017,140,4172.38667811
p_898123,45.154667,-122.885956,141,4203.32287882
p_898123,45.154861,-122.88591,142,4225.1843542
p_898123,45.155022,-122.885849,143,4243.70885013
p_898123,45.15514,-122.885803,144,4257.31246697
p_898123,45.155334,-122.885719,145,4279.8617289
p_898123,45.155441,-122.885666,146,4292.46231001
p_898123,45.155556,-122.885612,147,4305.92973243
p_898123,45.155975,-122.885399,148,4355.4157657
p_898123,45.1573242659107,-122.884746125888,149,4513.91050798
p_898123,45.1575544473341,-122.88584197749,150,4603.79504728
p_898123,45.1572009540511,-122.886016847426,151,4645.41728888
p_898123,45.156707703945,-122.887089383036,152,4746.00207246
p_898123,45.1563706472504,-122.887229278985,153,4785.04260694
p_898123,45.156155,-122.88623,154,4867.19173358
p_898123,45.155975,-122.885399,155,4935.52881951
p_898123,45.155556,-122.885612,156,4985.01485278
p_898123,45.155441,-122.885666,157,4998.4822752
p_898123,45.155334,-122.885719,158,5011.08285631
p_898123,45.15514,-122.885803,159,5033.63211824
p_898123,45.155022,-122.885849,160,5047.23573508
p_898123,45.154861,-122.88591,161,5065.76023101
p_898123,45.154667,-122.885956,162,5087.62170639
p_898123,45.154392,-122.886017,163,5118.5579071
p_898123,45.154266,-122.88604,164,5132.67720603
p_898123,45.154102,-122.886063,165,5150.9928274
p_898123,45.15377,-122.886093,166,5187.96491489
p_898123,45.153625,-122.886101,167,5204.09173273
p_898123,45.153522,-122.886192,168,5217.59127241
p_898123,45.152718,-122.886276,169,5307.18745289
p_898123,45.151531,-122.886337,170,5439.19158808
p_898123,45.151466,-122.88633,171,5446.43628946
p_898123,45.151157,-122.886337,172,5480.7813341
p_898123,45.151054,-122.88633,173,5492.24143974
p_898123,45.15094,-122.88633,174,5504.91079876
p_898123,45.150944,-122.886185,175,5516.32219411
p_898123,45.151005,-122.883545,176,5724.04111786
p_898123,45.151039,-122.882088,177,5838.68105702
p_898123,45.151054,-122.88147,178,5887.30878654
p_898123,45.151051,-122.879967,179,6005.50425796
p_898123,45.151047,-122.879761,180,6021.71007121
p_898123,45.151035,-122.879303,181,6057.75160032
p_898123,45.151028,-122.87883,182,6094.95617906
p_898123,45.150993,-122.877548,183,6195.8469588
p_898123,45.150963,-122.876152,184,6305.6783042
p_898123,45.150951,-122.875725,185,6339.28385158
p_898123,45.150944,-122.875259,186,6375.93813038
p_898123,45.150936,-122.875069,187,6390.90607204
p_898123,45.150936,-122.874977,188,6398.14091054
p_898123,45.150925,-122.874374,189,6445.5763183
p_898123,45.150906,-122.873322,190,6528.33209659
p_898123,45.150871,-122.870758,191,6730.0015825
p_898123,45.150871,-122.870636,192,6739.59561837
p_898123,45.150856,-122.870361,193,6761.28567727
p_898123,45.150826,-122.87014,194,6778.98195675
p_898123,45.15078,-122.869934,195,6795.96923397
p_898123,45.150719,-122.869774,196,6810.26167269
p_898123,45.150635,-122.869606,197,6826.43856906
p_898123,45.15052,-122.869438,198,6844.82022957
p_898123,45.150028,-122.868866,199,6915.62365737
p_898123,45.149925,-122.868706,200,6932.6339846
p_898123,45.149845,-122.868523,201,6949.55011532
p_898123,45.149757,-122.868286,202,6970.59811912
p_898123,45.149742,-122.868065,203,6988.05758534
p_898123,45.149715,-122.867828,204,7006.93555192
p_898123,45.149712,-122.867744,205,7013.5498235
p_898123,45.149708,-122.86718,206,7057.9057076
p_898123,45.1497,-122.866486,207,7112.4899715
p_898123,45.1497,-122.866402,208,7119.09583638
p_898123,45.149696,-122.866135,209,7140.09775569
p_898123,45.149677,-122.86544,210,7194.79420997
p_898123,45.149658,-122.864548,211,7264.97401689
p_898123,45.149643,-122.863525,212,7345.44135328
p_898123,45.149628,-122.86274,213,7407.19730665
p_898123,45.149624,-122.862488,214,7427.01991214
p_898123,45.149605,-122.861656,215,7492.48359227
p_898123,45.149586,-122.861076,216,7538.14444982
p_898123,45.14954,-122.86097,217,7547.92316743
p_898123,45.149529,-122.860649,218,7573.19666437
p_898123,45.149529,-122.860588,219,7577.99379488
p_898123,45.149525,-122.86055,220,7581.01505435
p_898123,45.149517,-122.860497,221,7585.27682352
p_898123,45.149445,-122.859917,222,7631.58546997
p_898123,45.149452,-122.85968,223,7650.23975625
p_898123,45.149426,-122.859451,224,7668.47901924
p_898123,45.149403,-122.8592,225,7688.3828834
p_898123,45.149395,-122.859093,226,7696.84438009
p_898123,45.149387,-122.858925,227,7710.08606233
p_898123,45.149387,-122.858765,228,7722.66873097
p_898123,45.149395,-122.858574,229,7737.71558017
p_898123,45.149403,-122.858475,230,7745.55170498
p_898123,45.149414,-122.85833,231,7757.02008602
p_898123,45.149426,-122.8582,232,7767.33011478
p_898123,45.149448,-122.858002,233,7783.09193878
p_898123,45.149467,-122.857834,234,7796.47139939
p_898123,45.149498,-122.857651,235,7811.26943041
p_898123,45.14954,-122.857437,236,7828.73401475
p_898123,45.149593,-122.857208,237,7847.68167383
p_898123,45.149658,-122.856941,238,7869.88678051
p_898123,45.149742,-122.856636,239,7895.62500489
p_898123,45.150005,-122.855728,240,7972.78148951
p_898123,45.150204,-122.855087,241,8027.82823638
p_898123,45.150414,-122.85437,242,8088.85252432
p_898123,45.150959,-122.852547,243,8244.48277049
p_898123,45.151745,-122.84993,244,8468.0521218
p_898123,45.151737,-122.849808,245,8477.68711963
p_898123,45.151783,-122.849625,246,8492.95900755
p_898123,45.151836,-122.849426,247,8509.67983119
p_898123,45.151897,-122.849152,248,8532.26801624
p_898123,45.151951,-122.8489,249,8552.9736152
p_898123,45.151978,-122.848709,250,8568.29029681
p_898123,45.152035,-122.848595,251,8579.26730713
p_898123,45.152058,-122.848434,252,8592.18347964
p_898123,45.152069,-122.848282,253,8604.19880703
p_898123,45.152077,-122.848106,254,8618.06761953
p_898123,45.152081,-122.847923,255,8632.46523374
p_898123,45.152081,-122.847725,256,8648.03555266
p_898123,45.152073,-122.847443,257,8670.2292783
p_898123,45.152058,-122.847244,258,8685.96677951
p_898123,45.152039,-122.847015,259,8704.0982599
p_898123,45.151978,-122.846451,260,8748.96524691
p_898123,45.15192,-122.845947,261,8789.11961411
p_898123,45.151855,-122.845428,262,8830.56721717
p_898123,45.151833,-122.845238,263,8845.70721752
p_898123,45.151783,-122.844841,264,8877.41730765
p_898123,45.151718,-122.844254,265,8924.13987432
p_898123,45.15168,-122.843781,266,8961.57485701
p_898123,45.151661,-122.843544,267,8980.33142636
p_898123,45.151642,-122.843277,268,9001.43383299
p_898123,45.151604,-122.842651,269,9050.84241229
p_898123,45.151588,-122.842346,270,9074.89302097
p_898123,45.151585,-122.842285,271,9079.70155127
p_898123,45.151577,-122.84198,272,9103.70281584
p_898123,45.151562,-122.841614,273,9132.53280787
p_898123,45.15155,-122.84124,274,9161.97390075
p_898123,45.151543,-122.841064,275,9175.8361597
p_898123,45.151531,-122.840851,276,9192.63921412
p_898123,45.151524,-122.840416,277,9226.85590877
p_898123,45.151482,-122.839066,278,9333.12080952
p_898123,45.151459,-122.83812,279,9407.5570279
p_898123,45.151455,-122.83802,280,9415.43346583
p_898123,45.151455,-122.837944,281,9421.41001731
p_898123,45.151436,-122.837135,282,9485.06387808
p_898123,45.151432,-122.836914,283,9502.4487515
p_898123,45.151409,-122.835976,284,9576.25629802
p_898123,45.151405,-122.835861,285,9585.3106909
p_898123,45.151405,-122.83577,286,9592.46683116
p_898123,45.1513890164458,-122.834990857198,287,9653.76351938
p_898123,45.151381072733,-122.83499327044,288,9654.66650881
p_898123,45.1513529392778,-122.833763259637,289,9751.44379356
p_898123,45.151321,-122.83287,290,9821.77846052
p_898123,45.151306,-122.832451,291,9854.77035669
p_898123,45.151295,-122.831985,292,9891.43653786
p_898123,45.151279,-122.831459,293,9932.83888859
p_898123,45.151276,-122.831329,294,9943.06740409
p_898123,45.151157,-122.831436,295,9958.74233533
p_898123,45.150967,-122.831596,296,9983.32246512
p_898123,45.149967,-122.832481,297,10114.45067833
p_898123,45.149651,-122.832764,298,10156.02732971
p_898123,45.149517,-122.832756,299,10170.93266285
p_898123,45.149368,-122.832916,300,10191.72992328
p_898123,45.149185,-122.833092,301,10216.3305779
p_898123,45.148685,-122.833534,302,10281.87430488
p_898123,45.147583,-122.834511,303,10426.45147248
p_898123,45.147228,-122.834824,304,10472.95369092
p_898123,45.146732,-122.835266,305,10538.12158641
p_898123,45.145401,-122.836449,306,10712.86868379
p_898123,45.145287,-122.836548,307,10727.73930341
p_898123,45.145191,-122.836632,308,10740.28801566
p_898123,45.143982,-122.837708,309,10899.07894559
p_898123,45.142689,-122.83886,310,11068.95554935
p_898123,45.142616,-122.838921,311,11078.380829
p_898123,45.142673,-122.83905,312,11090.34196633
p_898123,45.142689,-122.839096,313,11094.37325995
p_898123,45.1427,-122.839149,314,11098.71731598
p_898123,45.142712,-122.839218,315,11104.30568583
p_898123,45.142754,-122.839523,316,11128.74408257
p_898123,45.143154,-122.842392,317,11358.72956705
p_898123,45.143238,-122.842972,318,11405.29209224
p_898123,45.143311,-122.843513,319,11448.60830741
p_898123,45.143375,-122.844131,320,11497.73164935
p_898123,45.143383,-122.8442,321,11503.23084142
p_898123,45.143398,-122.844429,322,11521.31865627
p_898123,45.143394,-122.844513,323,11527.94018824
p_898123,45.143394,-122.844597,324,11534.54678149
p_898123,45.143387,-122.844673,325,11540.57458673
p_898123,45.143318,-122.845367,326,11595.69369096
p_898123,45.143303,-122.845505,327,11606.67466807
p_898123,45.143257,-122.84597,328,11643.60252424
p_898123,45.143238,-122.846123,329,11655.81984955
p_898123,45.14323,-122.846184,330,11660.69919218
p_898123,45.143223,-122.846245,331,11665.55951389
p_898123,45.1432,-122.846405,332,11678.4005172
p_898123,45.143147,-122.846725,333,11704.24864043
p_898123,45.143112,-122.846924,334,11720.37614385
p_898123,45.143082,-122.847092,335,11734.00353959
p_898123,45.143044,-122.847275,336,11749.00332872
p_898123,45.142929,-122.847778,337,11790.57770096
p_898123,45.142918,-122.847839,338,11795.52868421
p_898123,45.142906,-122.847939,339,11803.50600642
p_898123,45.142891,-122.848045,340,11812.00800116
p_898123,45.142857,-122.848404,341,11840.49528758
p_898123,45.142853,-122.84848,342,11846.48924499
p_898123,45.142849,-122.848587,343,11854.91659902
p_898123,45.142834,-122.850067,344,11971.33154059
p_898123,45.142834,-122.850182,345,11980.3763699
p_898123,45.142841,-122.850281,346,11988.20155334
p_898123,45.142853,-122.850388,347,11996.7221883
p_898123,45.142868,-122.850479,348,12004.07097036
p_898123,45.14304,-122.851501,349,12086.69341067
p_898123,45.143257,-122.852798,350,12191.51471375
p_898123,45.143288,-122.852989,351,12206.92687446
p_898123,45.143444,-122.853943,352,12283.93584416
p_898123,45.143467,-122.854088,353,12295.62301645
p_898123,45.143482,-122.854149,354,12300.7020208
p_898123,45.143497,-122.854202,355,12305.19143427
p_898123,45.143513,-122.85424,356,12308.6690921
p_898123,45.143585,-122.85437,357,12321.65241457
p_898123,45.143749,-122.854599,358,12347.27616638
p_898123,45.143784,-122.854652,359,12352.97753128
p_898123,45.143875,-122.854782,360,12367.35864287
p_898123,45.14381,-122.854866,361,12377.147868
p_898123,45.143341,-122.855446,362,12446.41263955
p_898123,45.142803,-122.85611,363,12525.79917192
p_898123,45.14233,-122.856697,364,12595.76167993
p_898123,45.142265,-122.856773,365,12605.13787948
p_898123,45.142193,-122.856873,366,12616.3578452
p_898123,45.141735,-122.857445,367,12684.28995103
p_898123,45.141777,-122.857513,368,12691.38866844
p_898123,45.141735,-122.857445,369,12698.48738585
p_898123,45.142193,-122.856873,370,12766.41949168
p_898123,45.142265,-122.856773,371,12777.6394574
p_898123,45.14233,-122.856697,372,12787.01565695
p_898123,45.142803,-122.85611,373,12856.97816496
p_898123,45.143009,-122.855858,374,12887.25939436
p_898123,45.143341,-122.855446,375,12936.3651687
p_898123,45.14381,-122.854866,376,13005.62994025
p_898123,45.143875,-122.854782,377,13015.41916538
p_898123,45.143784,-122.854652,378,13029.80027697
p_898123,45.143749,-122.854599,379,13035.50164187
p_898123,45.143585,-122.85437,380,13061.12539368
p_898123,45.143513,-122.85424,381,13074.10871615
p_898123,45.143497,-122.854202,382,13077.58637398
p_898123,45.143482,-122.854149,383,13082.07578745
p_898123,45.143467,-122.854088,384,13087.1547918
p_898123,45.143444,-122.853943,385,13098.84196409
p_898123,45.143288,-122.852989,386,13175.85093379
p_898123,45.143257,-122.852798,387,13191.2630945
p_898123,45.14304,-122.851501,388,13296.08439758
p_898123,45.142868,-122.850479,389,13378.70683789
p_898123,45.142853,-122.850388,390,13386.05561995
p_898123,45.142841,-122.850281,391,13394.57625491
p_898123,45.142834,-122.850182,392,13402.40143835
p_898123,45.142834,-122.850067,393,13411.44626766
p_898123,45.142849,-122.848587,394,13527.86120923
p_898123,45.142853,-122.84848,395,13536.28856326
p_898123,45.142857,-122.848404,396,13542.28252067
p_898123,45.142891,-122.848045,397,13570.76980709
p_898123,45.142906,-122.847939,398,13579.27180183
p_898123,45.142918,-122.847839,399,13587.24912404
p_898123,45.142929,-122.847778,400,13592.20010729
p_898123,45.143044,-122.847275,401,13633.77447953
p_898123,45.143082,-122.847092,402,13648.77426866
p_898123,45.143112,-122.846924,403,13662.4016644
p_898123,45.143147,-122.846725,404,13678.52916782
p_898123,45.1432,-122.846405,405,13704.37729105
p_898123,45.143223,-122.846245,406,13717.21829436
p_898123,45.14323,-122.846184,407,13722.07861607
p_898123,45.143238,-122.846123,408,13726.9579587
p_898123,45.143257,-122.84597,409,13739.17528401
p_898123,45.143303,-122.845505,410,13776.10314018
p_898123,45.143387,-122.844673,411,13842.20246919
p_898123,45.143394,-122.844597,412,13848.23027443
p_898123,45.143394,-122.844513,413,13854.83686768
p_898123,45.143398,-122.844429,414,13861.45839965
p_898123,45.143383,-122.8442,415,13879.5462145
p_898123,45.143375,-122.844131,416,13885.04540657
p_898123,45.143311,-122.843513,417,13934.16874851
p_898123,45.143238,-122.842972,418,13977.48496368
p_898123,45.143154,-122.842392,419,14024.04748887
p_898123,45.142754,-122.839523,420,14254.03297335
p_898123,45.142712,-122.839218,421,14278.47137009
p_898123,45.1427,-122.839149,422,14284.05973994
p_898123,45.142689,-122.839096,423,14288.40379597
p_898123,45.142673,-122.83905,424,14292.43508959
p_898123,45.142616,-122.838921,425,14304.39622692
p_898123,45.142689,-122.83886,426,14313.82150657
p_898123,45.143257,-122.838356,427,14388.36016971
p_898123,45.143295,-122.838318,428,14393.53385676
p_898123,45.143982,-122.837708,429,14483.70569351
p_898123,45.145191,-122.836632,430,14642.49662344
p_898123,45.145287,-122.836548,431,14655.04533569
p_898123,45.145401,-122.836449,432,14669.91595531
p_898123,45.146732,-122.835266,433,14844.66305269
p_898123,45.147228,-122.834824,434,14909.83094818
p_898123,45.147583,-122.834511,435,14956.33316662
p_898123,45.148685,-122.833534,436,15100.91033422
p_898123,45.149185,-122.833092,437,15166.4540612
p_898123,45.149368,-122.832916,438,15191.05471582
p_898123,45.149517,-122.832756,439,15211.85197625
p_898123,45.149551,-122.832611,440,15223.864736
p_898123,45.149574,-122.832489,441,15233.79365205
p_898123,45.149609,-122.832451,442,15238.69877723
p_898123,45.14967,-122.832382,443,15247.38220916
p_898123,45.149754,-122.832306,444,15258.46685856
p_898123,45.149929,-122.832153,445,15281.33644514
p_898123,45.149963,-122.832108,446,15286.51341942
p_898123,45.149986,-122.832062,447,15290.94284382
p_898123,45.149994,-122.832008,448,15295.28152112
p_898123,45.149994,-122.831924,449,15301.88735204
p_898123,45.149982,-122.831802,450,15311.57378068
p_898123,45.149982,-122.831711,451,15318.73009901
p_898123,45.149979,-122.830963,452,15377.55440926
p_898123,45.149982,-122.830605,453,15405.70981224
p_898123,45.149986,-122.830505,454,15413.5864524
p_898123,45.14999,-122.830444,455,15418.40409772
p_898123,45.150002,-122.830383,456,15423.38311552
p_898123,45.150024,-122.83033,457,15428.21527504
p_898123,45.150051,-122.830299,458,15432.08141081
p_898123,45.150307,-122.830078,459,15465.42027161
p_898123,45.150688,-122.829758,460,15514.67615781
p_898123,45.150711,-122.829712,461,15519.10554495
p_898123,45.15073,-122.829659,462,15523.77782205
p_898123,45.151253,-122.829651,463,15581.90468949
p_898123,45.151253,-122.830093,464,15616.66317742
p_898123,45.151257,-122.830643,465,15659.91697246
p_898123,45.15126,-122.830933,466,15682.72475001
p_898123,45.151276,-122.831329,467,15713.91655561
p_898123,45.151279,-122.831398,468,15719.35288537
p_898123,45.151279,-122.831459,469,15724.14986908
p_898123,45.151295,-122.831985,470,15765.55221981
p_898123,45.151306,-122.832451,471,15802.21840098
p_898123,45.151306,-122.832466,472,15803.39798658
p_898123,45.151306,-122.832481,473,15804.57757218
p_898123,45.151321,-122.83287,474,15835.2135429
p_898123,45.151348,-122.833771,475,15906.13079236
p_898123,45.151363,-122.83429,476,15946.97844915
p_898123,45.151382,-122.834908,477,15995.62317009
p_898123,45.151405,-122.83577,478,16063.45809442
p_898123,45.151405,-122.835861,479,16070.61423468
p_898123,45.151409,-122.835976,480,16079.66862756
p_898123,45.151455,-122.83802,481,16240.48774639
p_898123,45.151459,-122.838112,482,16247.73616341
p_898123,45.151482,-122.839066,483,16322.80112438
p_898123,45.151524,-122.840416,484,16429.06602513
p_898123,45.151531,-122.840851,485,16463.28271978
p_898123,45.151543,-122.841064,486,16480.0857742
p_898123,45.15155,-122.84124,487,16493.94803315
p_898123,45.151562,-122.841614,488,16523.38912603
p_898123,45.151577,-122.84198,489,16552.21911806
p_898123,45.151585,-122.842285,490,16576.22038263
p_898123,45.151588,-122.842346,491,16581.02891293
p_898123,45.151604,-122.842651,492,16605.07952161
p_898123,45.151638,-122.843277,493,16654.45209305
p_898123,45.151661,-122.843544,494,16675.60360725
p_898123,45.15168,-122.843781,495,16694.3601766
p_898123,45.151718,-122.844254,496,16731.79515929
p_898123,45.151783,-122.844841,497,16778.51772596
p_898123,45.151833,-122.845238,498,16810.22781609
p_898123,45.151855,-122.845428,499,16825.36781644
p_898123,45.15192,-122.845947,500,16866.8154195
p_898123,45.151978,-122.846443,501,16906.34896891
p_898123,45.152039,-122.847015,502,16951.83793715
p_898123,45.152058,-122.847244,503,16969.96941754
p_898123,45.152073,-122.847443,504,16985.70691875
p_898123,45.152081,-122.847725,505,17007.90064439
p_898123,45.152081,-122.847923,506,17023.47096331
p_898123,45.152077,-122.848106,507,17037.86857752
p_898123,45.152069,-122.848282,508,17051.73739002
p_898123,45.152058,-122.848434,509,17063.75271741
p_898123,45.152035,-122.848595,510,17076.66888992
p_898123,45.152061,-122.848732,511,17087.82306247
p_898123,45.152042,-122.848854,512,17097.64652472
p_898123,45.152016,-122.848984,513,17108.26998246
p_898123,45.151985,-122.849152,514,17121.92300432
p_898123,45.151958,-122.849281,515,17132.5018048
p_898123,45.151913,-122.849449,516,17146.62790808
p_898123,45.151867,-122.849625,517,17161.38220569
p_898123,45.15181,-122.849838,518,17179.29000627
p_898123,45.151745,-122.84993,519,17189.5137058
p_898123,45.150959,-122.852547,520,17413.08305711
p_898123,45.150414,-122.85437,521,17568.71330328
p_898123,45.150204,-122.855087,522,17629.73759122
p_898123,45.150005,-122.855728,523,17684.78433809
p_898123,45.149742,-122.856636,524,17761.94082271
p_898123,45.149658,-122.856941,525,17787.67904709
p_898123,45.149593,-122.857208,526,17809.88415377
p_898123,45.14954,-122.857437,527,17828.83181285
p_898123,45.149498,-122.857651,528,17846.29639719
p_898123,45.149467,-122.857834,529,17861.09442821
p_898123,45.149448,-122.858002,530,17874.47388882
p_898123,45.149426,-122.8582,531,17890.23571282
p_898123,45.149414,-122.85833,532,17900.54574158
p_898123,45.149403,-122.858475,533,17912.01412262
p_898123,45.149395,-122.858574,534,17919.85024743
p_898123,45.149387,-122.858765,535,17934.89709663
p_898123,45.149387,-122.858925,536,17947.47976527
p_898123,45.149395,-122.859093,537,17960.72144751
p_898123,45.149399,-122.8592,538,17969.1478398
p_898123,45.149426,-122.859451,539,17989.11366109
p_898123,45.149452,-122.85968,540,18007.35292408
p_898123,45.149521,-122.859886,541,18025.2763123
p_898123,45.14959,-122.860474,542,18072.14899766
p_898123,45.149597,-122.860535,543,18077.00879234
p_898123,45.149605,-122.860603,544,18082.42981034
p_898123,45.14962,-122.860962,545,18110.71123496
p_898123,45.149586,-122.861084,546,18121.02274657
p_898123,45.149605,-122.861656,547,18166.05515546
p_898123,45.149624,-122.862488,548,18231.51883559
p_898123,45.149643,-122.863525,549,18313.09723736
p_898123,45.149658,-122.864548,550,18393.56457375
p_898123,45.1497,-122.866402,551,18539.44019798
p_898123,45.149712,-122.867744,552,18644.9851683
p_898123,45.149715,-122.867828,553,18651.59943988
p_898123,45.149742,-122.868065,554,18670.47740646
p_898123,45.149857,-122.868248,555,18689.72451384
p_898123,45.14994,-122.868462,556,18708.91582518
p_898123,45.150043,-122.868645,557,18727.30440172
p_898123,45.150188,-122.868835,558,18749.28014819
p_898123,45.150581,-122.86927,559,18804.75817823
p_898123,45.150715,-122.869461,560,18825.90954997
p_898123,45.150818,-122.869659,561,18845.23510196
p_898123,45.150894,-122.869858,562,18863.01822035
p_898123,45.150944,-122.870094,563,18882.39117928
p_898123,45.150982,-122.870354,564,18903.26903409
p_898123,45.151005,-122.870743,565,18933.9663932
p_898123,45.151039,-122.873337,566,19137.99206914
p_898123,45.151066,-122.874802,567,19253.23784377
p_898123,45.151081,-122.87574,568,19327.02039776
p_898123,45.151192,-122.875793,569,19340.0414202
p_898123,45.151287,-122.875847,570,19351.42122717
p_898123,45.151379,-122.875885,571,19362.07336759
p_898123,45.151535,-122.875923,572,19379.66603707
p_898123,45.151657,-122.875938,573,19393.27569014
p_898123,45.151772,-122.875954,574,19406.11797064
p_898123,45.151909,-122.875954,575,19421.34343067
p_898123,45.152321,-122.875961,576,19467.1342565
p_898123,45.152325,-122.876236,577,19488.76417649
p_898123,45.152328,-122.876381,578,19500.17150709
p_898123,45.152309,-122.876556,579,19514.09415055
p_898123,45.152287,-122.876671,580,19523.46216628
p_898123,45.152256,-122.876846,581,19537.64845798
p_898123,45.152237,-122.877014,582,19551.02728249
p_898123,45.152229,-122.877235,583,19568.42895563
p_898123,45.152203,-122.877312,584,19575.13817202
p_898123,45.152164,-122.877373,585,19581.60316188
p_898123,45.152122,-122.877396,586,19586.60899227
p_898123,45.151844,-122.877403,587,19617.50935555
p_898123,45.151672,-122.877396,588,19636.63245579
p_898123,45.151665,-122.876724,589,19689.48328155
p_898123,45.151657,-122.875938,590,19751.29957729
p_898123,45.151535,-122.875923,591,19764.90923036
p_898123,45.151379,-122.875885,592,19782.50189984
p_898123,45.151287,-122.875847,593,19793.15404026
p_898123,45.151192,-122.875793,594,19804.53384723
p_898123,45.151081,-122.87574,595,19817.55486967
p_898123,45.150951,-122.875725,596,19832.05045928
p_898123,45.150631,-122.875732,597,19867.61783119
p_898123,45.150536,-122.87574,598,19878.19435707
p_898123,45.150414,-122.87574,599,19891.75279268
p_898123,45.150139,-122.875748,600,19922.32131369
p_898123,45.149971,-122.875755,601,19941.00005845
p_898123,45.14946,-122.875771,602,19997.80382936
p_898123,45.148903,-122.875771,603,20059.70585325
p_898123,45.148933,-122.877579,604,20201.93025874
p_898123,45.148941,-122.87812,605,20244.4850304
p_898123,45.148941,-122.878197,606,20250.5404869
p_898123,45.148949,-122.878731,607,20292.54487834
p_898123,45.148788,-122.878731,608,20310.4375629
p_898123,45.148705,-122.878738,609,20319.67815392
p_898123,45.148651,-122.878754,610,20325.80991965
p_898123,45.148602,-122.878777,611,20331.5480594
p_898123,45.14856,-122.878799,612,20336.52605168
p_898123,45.148418,-122.878899,613,20354.15815218
p_898123,45.148365,-122.878929,614,20360.50322748
p_898123,45.148319,-122.878952,615,20365.92598196
p_898123,45.14827,-122.878967,616,20371.49788633
p_898123,45.148235,-122.878983,617,20375.58606078
p_898123,45.14817,-122.87899,618,20382.83076039
p_898123,45.147434,-122.879013,619,20464.64587191
p_898123,45.147392,-122.879013,620,20469.31352755
p_898123,45.147411,-122.878822,621,20484.48229772
p_898123,45.147423,-122.87867,622,20496.51040561
p_898123,45.147434,-122.878502,623,20509.77909544
p_898123,45.14743,-122.878349,624,20521.81989248
p_898123,45.14743,-122.878258,625,20528.97653015
p_898123,45.147423,-122.877281,626,20605.81602254
p_898123,45.147419,-122.877136,627,20617.2281194
p_898123,45.147404,-122.875961,628,20709.65031935
p_898123,45.147404,-122.875786,629,20723.41309037
p_898123,45.1474,-122.875648,630,20734.27511914
p_898123,45.147396,-122.875397,631,20754.01987193
p_898123,45.147388,-122.875282,632,20763.10757561
p_898123,45.147377,-122.875183,633,20770.98876385
p_898123,45.147366,-122.875092,634,20778.2490688
p_898123,45.14735,-122.875008,635,20785.09033026
p_898123,45.147327,-122.874886,636,20795.01960659
p_898123,45.147301,-122.874779,637,20803.91684474
p_898123,45.14727,-122.874672,638,20813.00975005
p_898123,45.147243,-122.87458,639,20820.84259362
p_898123,45.147198,-122.874466,640,20831.10858724
p_898123,45.147137,-122.874313,641,20844.91953429
p_898123,45.147102,-122.874237,642,20852.05076488
p_898123,45.147049,-122.874123,643,20862.77802666
p_898123,45.146843,-122.873665,644,20905.45732255
p_898123,45.146652,-122.87326,645,20943.73371239
p_898123,45.146595,-122.873123,646,20956.23237064
p_898123,45.14653,-122.872955,647,20971.29064227
p_898123,45.146465,-122.872765,648,20987.88781347
p_898123,45.146416,-122.872604,649,21001.67113049
p_898123,45.146389,-122.872505,650,21010.01526357
p_898123,45.146362,-122.872398,651,21018.94934248
p_898123,45.146332,-122.872253,652,21030.83037951
p_898123,45.146309,-122.872131,653,21040.75982074
p_898123,45.14629,-122.872017,654,21049.97075423
p_898123,45.146275,-122.871895,655,21059.70929876
p_898123,45.146255,-122.871735,656,21072.48745195
p_898123,45.146244,-122.871628,657,21080.99090572
p_898123,45.146233,-122.871483,658,21092.45991514
p_898123,45.146229,-122.871368,659,21101.51512553
p_898123,45.146225,-122.871246,660,21111.12023295
p_898123,45.146221,-122.870972,661,21132.67382985
p_898123,45.146217,-122.870834,662,21143.53608291
p_898123,45.146183,-122.868904,663,21295.37000598
p_898123,45.146179,-122.868736,664,21308.59002486
p_898123,45.146179,-122.868591,665,21319.99370795
p_898123,45.146175,-122.868477,666,21328.97037643
p_898123,45.146172,-122.868248,667,21346.98341859
p_898123,45.146168,-122.868073,668,21360.75366384
p_898123,45.146141,-122.866325,669,21498.25983205
p_898123,45.146137,-122.86615,670,21512.03008475
p_898123,45.146111,-122.864685,671,21627.28294475
p_898123,45.146111,-122.864479,672,21643.4840586
p_898123,45.146103,-122.864075,673,21675.26955575
p_898123,45.146084,-122.862877,674,21769.5113712
p_898123,45.146084,-122.862778,675,21777.29734707
p_898123,45.146069,-122.861748,676,21858.32011623
p_898123,45.146065,-122.861168,677,21903.93710397
p_898123,45.145973,-122.861153,678,21914.22932189
p_898123,45.14595,-122.861145,679,21916.86171349
p_898123,45.145924,-122.861122,680,21920.27070378
p_898123,45.145882,-122.861069,681,21926.52861184
p_898123,45.145741,-122.860847,682,21949.98887681
p_898123,45.144951,-122.861115,683,22040.27983994
p_898123,45.144932,-122.861038,684,22046.69329125
p_898123,45.144909,-122.860992,685,22051.12297543
p_898123,45.144894,-122.86097,686,22053.52562542
p_898123,45.144646,-122.860596,687,22093.83486151
p_898123,45.144196,-122.859871,688,22169.67915369
p_898123,45.143715,-122.859123,689,22249.1677274
p_898123,45.143253,-122.858353,690,22328.56407241
p_898123,45.142834,-122.857674,691,22399.41802142
p_898123,45.14278,-122.85759,692,22408.34344421
p_898123,45.142738,-122.857521,693,22415.50153531
p_898123,45.142525,-122.857185,694,22450.97997108
p_898123,45.142475,-122.857246,695,22458.321316
p_898123,45.142048,-122.857796,696,22522.53351873
p_898123,45.141994,-122.857857,697,22530.21685754
p_898123,45.141777,-122.857513,698,22566.46094094
