shape_id,shape_pt_lat,shape_pt_lon,shape_pt_sequence,shape_dist_traveled
9,46.06611,-118.342282,1,0
9,46.065687,-118.34194,2,0.054
9,46.066695,-118.339384,3,0.281
9,46.069069,-118.341348,4,0.585
9,46.070176,-118.34227,5,0.727
9,46.070791,-118.342802,6,0.807
9,46.069717,-118.345412,7,1.041
9,46.069386,-118.34612,8,1.107
9,46.069144,-118.34652,9,1.148
9,46.069071,-118.346738,10,1.167
9,46.06909,-118.348436,11,1.298
9,46.069098,-118.348897,12,1.333
9,46.069074,-118.351256,13,1.515
9,46.069393,-118.351255,14,1.551
9,46.072299,-118.351178,15,1.874
9,46.07343,-118.35116,16,2
9,46.073426,-118.349028,17,2.164
9,46.073428,-118.346,18,2.398
9,46.07359,-118.346039,19,2.416
9,46.074798,-118.346046,20,2.55
9,46.07502,-118.346039,21,2.575
9,46.075035,-118.348603,22,2.773
9,46.074896,-118.349482,23,2.842
9,46.074866,-118.349889,24,2.874
9,46.075158,-118.351198,25,2.98
9,46.075998,-118.351185,26,3.073
9,46.076437,-118.351147,27,3.122
9,46.076445,-118.352214,28,3.205
9,46.076453,-118.354085,29,3.349
9,46.076452,-118.35641,30,3.528
9,46.076644,-118.35642,31,3.55
9,46.082181,-118.356412,32,4.165
9,46.082437,-118.356403,33,4.194
9,46.082443,-118.358596,34,4.363
9,46.082429,-118.359584,35,4.439
9,46.082465,-118.359877,36,4.462
9,46.082703,-118.360695,37,4.53
9,46.082723,-118.36073,38,4.534
9,46.08273,-118.360747,39,4.535
9,46.082734,-118.360764,40,4.537
9,46.082785,-118.360601,41,4.551
9,46.083008,-118.35882,42,4.69
9,46.083007,-118.356412,43,4.876
9,46.082474,-118.356411,44,4.935
9,46.074816,-118.356418,45,5.787
9,46.073158,-118.356439,46,5.971
9,46.071771,-118.356457,47,6.125
9,46.071189,-118.356462,48,6.19
9,46.071134,-118.361773,49,6.6
9,46.071138,-118.367993,50,7.08
9,46.071362,-118.369869,51,7.227
9,46.070983,-118.36991,52,7.269
9,46.070618,-118.369901,53,7.309
9,46.070471,-118.370063,54,7.33
9,46.070347,-118.370061,55,7.344
9,46.070174,-118.369996,56,7.364
9,46.06978,-118.369872,57,7.408
9,46.069554,-118.369865,58,7.434
9,46.069354,-118.370029,59,7.459
9,46.069205,-118.36993,60,7.477
9,46.068638,-118.369837,61,7.541
9,46.068476,-118.369985,62,7.562
9,46.068365,-118.369997,63,7.575
9,46.06823,-118.369923,64,7.591
9,46.068182,-118.369611,65,7.615
9,46.068302,-118.369438,66,7.634
9,46.068399,-118.369032,67,7.667
9,46.06841,-118.368705,68,7.693
9,46.068429,-118.368334,69,7.721
9,46.068434,-118.368034,70,7.744
9,46.06864,-118.361686,71,8.235
9,46.06868,-118.36069,72,8.312
9,46.068715,-118.356449,73,8.639
9,46.068813,-118.356109,74,8.667
9,46.068968,-118.355549,75,8.714
9,46.069056,-118.355218,76,8.741
9,46.069058,-118.354769,77,8.776
9,46.069081,-118.351634,78,9.018
9,46.069093,-118.348896,79,9.229
9,46.06907,-118.346731,80,9.396
9,46.069171,-118.34648,81,9.418
9,46.069384,-118.346123,82,9.455
9,46.06972,-118.345412,83,9.521
9,46.070797,-118.3428,84,9.755
9,46.069752,-118.341921,85,9.89
9,46.068616,-118.340975,86,10.036
9,46.067538,-118.340088,87,10.174
9,46.067018,-118.34131,88,10.284
9,46.066534,-118.342629,89,10.4
9,46.066176,-118.342365,90,10.444
3,46.066213,-118.342182,1,0
3,46.065754,-118.341792,2,0.059
3,46.065694,-118.341945,3,0.073
3,46.063977,-118.340561,4,0.292
3,46.064487,-118.339274,5,0.406
3,46.065019,-118.337986,6,0.522
3,46.06435,-118.337446,7,0.607
3,46.064136,-118.33726,8,0.635
3,46.062222,-118.33571,9,0.879
3,46.062009,-118.335565,10,0.905
3,46.060909,-118.334746,11,1.043
3,46.060498,-118.334455,12,1.094
3,46.060279,-118.33435,13,1.119
3,46.059556,-118.334166,14,1.201
3,46.057852,-118.333694,15,1.394
3,46.056957,-118.333421,16,1.495
3,46.055818,-118.332704,17,1.634
3,46.054195,-118.331674,18,1.831
3,46.053151,-118.330989,19,1.958
3,46.050891,-118.329268,20,2.243
3,46.050786,-118.329211,21,2.255
3,46.049962,-118.328743,22,2.354
3,46.049505,-118.328549,23,2.407
3,46.049163,-118.328426,24,2.446
3,46.048633,-118.328193,25,2.507
3,46.048334,-118.328108,26,2.541
3,46.047042,-118.32759,27,2.69
3,46.046246,-118.327227,28,2.783
3,46.046096,-118.327083,29,2.803
3,46.046017,-118.327005,30,2.814
3,46.045905,-118.326682,31,2.842
3,46.045861,-118.32646,32,2.86
3,46.045859,-118.324763,33,2.991
3,46.045831,-118.321183,34,3.267
3,46.045822,-118.31891,35,3.442
3,46.045803,-118.317076,36,3.584
3,46.045844,-118.314784,37,3.761
3,46.048521,-118.314797,38,4.059
3,46.049974,-118.314771,39,4.22
3,46.049981,-118.316754,40,4.373
3,46.050033,-118.325036,41,5.012
3,46.05006,-118.325735,42,5.066
3,46.050018,-118.326078,43,5.093
3,46.049949,-118.326347,44,5.115
3,46.049559,-118.327185,45,5.193
3,46.049481,-118.3275,46,5.219
3,46.049472,-118.328532,47,5.299
3,46.049962,-118.328743,48,5.356
3,46.050494,-118.329039,49,5.419
3,46.050905,-118.329278,50,5.468
3,46.051814,-118.329965,51,5.582
3,46.051943,-118.330086,52,5.6
3,46.052238,-118.330307,53,5.636
3,46.052877,-118.330782,54,5.716
3,46.053139,-118.330993,55,5.75
3,46.054394,-118.331798,56,5.903
3,46.055652,-118.332611,57,6.056
3,46.056204,-118.332964,58,6.123
3,46.05658,-118.333212,59,6.169
3,46.057072,-118.33348,60,6.227
3,46.058508,-118.333901,61,6.39
3,46.060266,-118.334365,62,6.589
3,46.060889,-118.334706,63,6.663
3,46.062817,-118.336179,64,6.906
3,46.064406,-118.337492,65,7.11
3,46.065019,-118.338002,66,7.188
3,46.065886,-118.338671,67,7.298
3,46.065727,-118.339056,68,7.332
3,46.064837,-118.341258,69,7.529
3,46.065965,-118.342171,70,7.673
r5new,46.066188,-118.342161,1,0
r5new,46.065747,-118.341808,2,0.056
r5new,46.06517,-118.34332,3,0.189
r5new,46.06324,-118.341684,4,0.438
r5new,46.062622,-118.34118,5,0.517
r5new,46.062013,-118.340668,6,0.596
r5new,46.060978,-118.340653,7,0.711
r5new,46.058675,-118.340662,8,0.967
r5new,46.058469,-118.34067,9,0.99
r5new,46.058444,-118.3433,10,1.193
r5new,46.0584,-118.34611,11,1.409
r5new,46.057572,-118.346106,12,1.502
r5new,46.055645,-118.346087,13,1.716
r5new,46.054161,-118.346107,14,1.881
r5new,46.052822,-118.346095,15,2.03
r5new,46.051956,-118.346209,16,2.126
r5new,46.051556,-118.346363,17,2.172
r5new,46.051281,-118.346506,18,2.205
r5new,46.051021,-118.346685,19,2.237
r5new,46.050839,-118.346294,20,2.273
r5new,46.050643,-118.346086,21,2.3
r5new,46.050548,-118.346072,22,2.311
r5new,46.049317,-118.34605,23,2.448
r5new,46.049317,-118.346922,24,2.515
r5new,46.04914,-118.347571,25,2.569
r5new,46.048979,-118.347567,26,2.587
r5new,46.048733,-118.347568,27,2.614
r5new,46.048725,-118.3469,28,2.666
r5new,46.049315,-118.346915,29,2.731
r5new,46.049319,-118.346418,30,2.77
r5new,46.049314,-118.346049,31,2.798
r5new,46.049335,-118.340054,32,3.261
r5new,46.049339,-118.338004,33,3.419
r5new,46.049347,-118.337168,34,3.484
r5new,46.049382,-118.335598,35,3.605
r5new,46.051977,-118.335611,36,3.893
r5new,46.05334,-118.33563,37,4.045
r5new,46.053324,-118.338039,38,4.231
r5new,46.053701,-118.338039,39,4.273
r5new,46.054052,-118.338058,40,4.312
r5new,46.055996,-118.338026,41,4.528
r5new,46.056336,-118.338073,42,4.566
r5new,46.05632,-118.340704,43,4.769
r5new,46.05632,-118.34109,44,4.799
r5new,46.056312,-118.343266,45,4.967
r5new,46.056195,-118.343267,46,4.98
r5new,46.055662,-118.343262,47,5.039
r5new,46.055573,-118.343203,48,5.05
r5new,46.055564,-118.342082,49,5.136
r5new,46.055563,-118.341078,50,5.214
r5new,46.055581,-118.340691,51,5.244
r5new,46.057504,-118.34071,52,5.458
r5new,46.058469,-118.340679,53,5.565
r5new,46.058495,-118.338046,54,5.768
r5new,46.059335,-118.338011,55,5.862
r5new,46.06025,-118.338007,56,5.963
r5new,46.06018,-118.338171,57,5.978
r5new,46.06015,-118.339331,58,6.068
r5new,46.060143,-118.340053,59,6.124
r5new,46.060139,-118.340644,60,6.169
r5new,46.062011,-118.34066,61,6.377
r5new,46.062853,-118.34137,62,6.486
r5new,46.064069,-118.342369,63,6.641
r5new,46.065164,-118.343315,64,6.783
r5new,46.065695,-118.341942,65,6.905
r5new,46.065974,-118.342171,66,6.94
4,46.066141,-118.342329,1,0
4,46.066535,-118.342641,2,0.05
4,46.067577,-118.340019,3,0.283
4,46.067858,-118.339238,4,0.351
4,46.068125,-118.338928,5,0.389
4,46.068224,-118.338818,6,0.403
4,46.069829,-118.337079,7,0.626
4,46.07023,-118.336604,8,0.684
4,46.071693,-118.335023,9,0.887
4,46.071891,-118.334806,10,0.915
4,46.072417,-118.334239,11,0.988
4,46.072729,-118.333908,12,1.031
4,46.072968,-118.333664,13,1.064
4,46.073088,-118.333355,14,1.091
4,46.073074,-118.332999,15,1.118
4,46.073583,-118.333047,16,1.175
4,46.073918,-118.333079,17,1.213
4,46.074522,-118.333071,18,1.28
4,46.074753,-118.333051,19,1.305
4,46.07488,-118.33313,20,1.321
4,46.074913,-118.333163,21,1.325
4,46.076778,-118.331679,22,1.562
4,46.078025,-118.33062,23,1.723
4,46.078111,-118.330467,24,1.738
4,46.078328,-118.330062,25,1.778
4,46.078426,-118.329602,26,1.815
4,46.078454,-118.329249,27,1.842
4,46.078562,-118.328236,28,1.921
4,46.078565,-118.327161,29,2.004
4,46.078578,-118.324863,30,2.181
4,46.078553,-118.32311,31,2.317
4,46.078572,-118.321606,32,2.433
4,46.07856,-118.320164,33,2.544
4,46.07858,-118.317364,34,2.76
4,46.078563,-118.315817,35,2.879
4,46.078571,-118.310467,36,3.292
4,46.078564,-118.30938,37,3.376
4,46.078571,-118.305159,38,3.701
4,46.078576,-118.30461,39,3.744
4,46.077277,-118.304658,40,3.888
4,46.077033,-118.304636,41,3.915
4,46.076903,-118.30462,42,3.93
4,46.076027,-118.30454,43,4.028
4,46.075631,-118.304502,44,4.072
4,46.076286,-118.301505,45,4.314
4,46.076436,-118.300846,46,4.368
4,46.076727,-118.299513,47,4.475
4,46.076545,-118.299468,48,4.496
4,46.076415,-118.300017,49,4.541
4,46.076308,-118.300577,50,4.585
4,46.076477,-118.300626,51,4.605
4,46.076017,-118.302767,52,4.777
4,46.075628,-118.304495,53,4.918
4,46.07525,-118.304329,54,4.962
4,46.074851,-118.304171,55,5.008
4,46.074694,-118.304103,56,5.026
4,46.074076,-118.303858,57,5.097
4,46.072844,-118.303838,58,5.234
4,46.071923,-118.303838,59,5.336
4,46.07118,-118.304061,60,5.421
4,46.070551,-118.304316,61,5.493
4,46.07008,-118.30441,62,5.546
4,46.069959,-118.304441,63,5.56
4,46.069619,-118.304405,64,5.598
4,46.068391,-118.304338,65,5.735
4,46.067657,-118.304333,66,5.816
4,46.067636,-118.309408,67,6.208
4,46.06765,-118.311695,68,6.384
4,46.067649,-118.315687,69,6.692
4,46.067662,-118.318973,70,6.946
4,46.06766,-118.320377,71,7.054
4,46.067672,-118.323058,72,7.261
4,46.06768,-118.324479,73,7.37
4,46.067667,-118.326672,74,7.54
4,46.067655,-118.332305,75,7.974
4,46.067638,-118.333314,76,8.052
4,46.067824,-118.333456,77,8.075
4,46.068071,-118.33371,78,8.109
4,46.069644,-118.335503,79,8.332
4,46.070234,-118.3366,80,8.439
4,46.069754,-118.337155,81,8.508
4,46.068459,-118.338561,82,8.688
4,46.068092,-118.338974,83,8.74
4,46.067856,-118.339238,84,8.773
4,46.067581,-118.340022,85,8.841
4,46.067064,-118.341326,86,8.957
4,46.066597,-118.342462,87,9.059
4,46.066106,-118.342069,88,9.121
7,46.06614,-118.34231,1,0
7,46.064835,-118.341259,2,0.166
7,46.066481,-118.337124,3,0.534
7,46.067592,-118.334325,4,0.783
7,46.067616,-118.334217,5,0.792
7,46.06763,-118.334138,6,0.798
7,46.067643,-118.334036,7,0.806
7,46.067646,-118.333766,8,0.827
7,46.067657,-118.333342,9,0.859
7,46.067169,-118.332953,10,0.921
7,46.06618,-118.332095,11,1.05
7,46.066888,-118.330293,12,1.21
7,46.065588,-118.329231,13,1.376
7,46.063415,-118.32745,14,1.654
7,46.061033,-118.325479,15,1.959
7,46.060657,-118.325194,16,2.006
7,46.060165,-118.325192,17,2.061
7,46.058501,-118.325184,18,2.246
7,46.056761,-118.325198,19,2.44
7,46.056764,-118.324623,20,2.484
7,46.056779,-118.323515,21,2.569
7,46.056776,-118.322616,22,2.639
7,46.056757,-118.31998,23,2.842
7,46.056757,-118.317817,24,3.009
7,46.056753,-118.315113,25,3.218
7,46.056766,-118.314457,26,3.268
7,46.056746,-118.313373,27,3.352
7,46.056745,-118.307358,28,3.816
7,46.056733,-118.299423,29,4.429
7,46.056734,-118.299118,30,4.452
7,46.06199,-118.29916,31,5.036
7,46.061991,-118.299171,32,5.037
7,46.062143,-118.299157,33,5.054
7,46.062167,-118.299231,34,5.061
7,46.062142,-118.301646,35,5.247
7,46.062162,-118.304346,36,5.455
7,46.062156,-118.309355,37,5.842
7,46.062166,-118.311786,38,6.029
7,46.062171,-118.314472,39,6.237
7,46.062178,-118.31564,40,6.327
7,46.06215,-118.319699,41,6.64
7,46.062146,-118.319942,42,6.659
7,46.063519,-118.319918,43,6.811
7,46.06403,-118.319862,44,6.868
7,46.064043,-118.321477,45,6.993
7,46.064031,-118.322526,46,7.074
7,46.064045,-118.325702,47,7.319
7,46.064051,-118.325869,48,7.332
7,46.063938,-118.326182,49,7.359
7,46.063418,-118.327445,50,7.472
7,46.063602,-118.327597,51,7.496
7,46.066008,-118.329573,52,7.804
7,46.066888,-118.330292,53,7.916
7,46.066179,-118.332088,54,8.076
7,46.067166,-118.33295,55,8.204
7,46.06766,-118.333337,56,8.267
7,46.067641,-118.334047,57,8.321
7,46.06763,-118.334136,58,8.328
7,46.067616,-118.33422,59,8.335
7,46.067594,-118.334328,60,8.344
7,46.067236,-118.335232,61,8.424
7,46.065751,-118.338967,62,8.756
7,46.064833,-118.341259,63,8.96
7,46.06614,-118.34231,64,9.127
1E+,46.066129,-118.34231,1,0
1E+,46.065695,-118.341939,2,0.056
1E+,46.067241,-118.338089,3,0.399
1E+,46.067301,-118.337995,4,0.409
1E+,46.06737,-118.337909,5,0.419
1E+,46.06752,-118.33774,6,0.44
1E+,46.067987,-118.337294,7,0.503
1E+,46.068637,-118.336603,8,0.593
1E+,46.068935,-118.336277,9,0.634
1E+,46.071306,-118.333637,10,0.967
1E+,46.071448,-118.333491,11,0.987
1E+,46.07212,-118.33278,12,1.079
1E+,46.073308,-118.334978,13,1.294
1E+,46.074103,-118.334097,14,1.406
1E+,46.074897,-118.333193,15,1.518
1E+,46.075149,-118.332982,16,1.551
1E+,46.076782,-118.331671,17,1.759
1E+,46.078033,-118.330619,18,1.92
1E+,46.078146,-118.330391,19,1.941
1E+,46.07833,-118.33006,20,1.974
1E+,46.078426,-118.329599,21,2.011
1E+,46.078449,-118.329225,22,2.04
1E+,46.078564,-118.32825,23,2.116
1E+,46.078566,-118.327151,24,2.201
1E+,46.078584,-118.324882,25,2.376
1E+,46.078579,-118.321625,26,2.627
1E+,46.078598,-118.312526,27,3.329
1E+,46.078295,-118.312532,28,3.363
1E+,46.075481,-118.312479,29,3.676
1E+,46.075008,-118.312463,30,3.728
1E+,46.075041,-118.309359,31,3.968
1E+,46.075101,-118.307699,32,4.096
1E+,46.075193,-118.30697,33,4.153
1E+,46.07525,-118.306438,34,4.195
1E+,46.0753,-118.306099,35,4.222
1E+,46.075409,-118.305618,36,4.261
1E+,46.076245,-118.301772,37,4.571
1E+,46.076512,-118.300607,38,4.666
1E+,46.076731,-118.299581,39,4.749
1E+,46.07654,-118.299499,40,4.771
1E+,46.076412,-118.300037,41,4.815
1E+,46.076292,-118.300493,42,4.853
1E+,46.076502,-118.300606,43,4.877
1E+,46.076737,-118.299564,44,4.962
1E+,46.077264,-118.297256,45,5.149
1E+,46.077704,-118.295203,46,5.315
1E+,46.077945,-118.294094,47,5.405
1E+,46.080234,-118.283769,48,6.241
1E+,46.080799,-118.281217,49,6.447
1E+,46.081688,-118.277172,50,6.775
1E+,46.08217,-118.274982,51,6.952
1E+,46.080781,-118.274944,52,7.106
1E+,46.080395,-118.27498,53,7.149
1E+,46.080178,-118.275276,54,7.183
1E+,46.080177,-118.276049,55,7.242
1E+,46.07932,-118.27637,56,7.341
1E+,46.07924,-118.27639,57,7.35
1E+,46.07921,-118.27632,58,7.356
1E+,46.0793,-118.2762,59,7.37
1E+,46.07988,-118.27597,60,7.437
1E+,46.07988,-118.27597,61,7.437
1E+,46.080184,-118.275844,62,7.472
1E+,46.080192,-118.278327,63,7.663
1E+,46.080113,-118.278804,64,7.701
1E+,46.080036,-118.279177,65,7.731
1E+,46.079476,-118.280712,66,7.865
1E+,46.079388,-118.280965,67,7.887
1E+,46.079266,-118.281574,68,7.936
1E+,46.079073,-118.283748,69,8.105
1E+,46.07735,-118.28372,70,8.296
1E+,46.07658,-118.28379,71,8.382
1E+,46.07598,-118.2839,72,8.449
1E+,46.0755,-118.28407,73,8.504
1E+,46.07518,-118.28422,74,8.542
1E+,46.07478,-118.2845,75,8.591
1E+,46.07439,-118.28485,76,8.642
1E+,46.072022,-118.287971,77,8.999
1E+,46.070952,-118.289342,78,9.158
1E+,46.069334,-118.291399,79,9.398
1E+,46.06768,-118.293626,80,9.65
1E+,46.067664,-118.295526,81,9.796
1E+,46.067652,-118.299296,82,10.087
1E+,46.067645,-118.303122,83,10.382
1E+,46.067674,-118.304088,84,10.457
1E+,46.067679,-118.308114,85,10.768
1E+,46.067666,-118.309418,86,10.868
1E+,46.067675,-118.315728,87,11.355
1E+,46.06769,-118.320483,88,11.722
1E+,46.067701,-118.323129,89,11.926
1E+,46.067694,-118.325183,90,12.084
1E+,46.067685,-118.326741,91,12.205
1E+,46.06768,-118.330973,92,12.531
1E+,46.067939,-118.331176,93,12.564
1E+,46.06813,-118.33134,94,12.589
1E+,46.06839,-118.33137,95,12.618
1E+,46.068865,-118.331338,96,12.671
1E+,46.069423,-118.331006,97,12.738
1E+,46.069648,-118.330986,98,12.763
1E+,46.069807,-118.331047,99,12.781
1E+,46.071409,-118.331506,100,12.963
1E+,46.071545,-118.331656,101,12.982
1E+,46.07213,-118.332779,102,13.09
1E+,46.071937,-118.332972,103,13.116
1E+,46.071304,-118.333637,104,13.203
1E+,46.068726,-118.336509,105,13.566
1E+,46.067986,-118.337293,106,13.668
1E+,46.06752,-118.33774,107,13.73
1E+,46.067332,-118.337949,108,13.756
1E+,46.06724,-118.338087,109,13.771
1E+,46.065695,-118.341935,110,14.114
1E+,46.065982,-118.342171,111,14.151
2,46.034286,-118.383329,1,0
2,46.034274,-118.383262,2,0.005
2,46.033977,-118.383259,3,0.038
2,46.033965,-118.382481,4,0.098
2,46.033773,-118.382317,5,0.123
2,46.033817,-118.381737,6,0.168
2,46.033077,-118.381738,7,0.251
2,46.031908,-118.380662,8,0.405
2,46.029489,-118.385067,9,0.838
2,46.028937,-118.386038,10,0.935
2,46.028378,-118.386919,11,1.027
2,46.02803,-118.387367,12,1.079
2,46.027491,-118.387856,13,1.15
2,46.02794,-118.388688,14,1.232
2,46.028116,-118.388791,15,1.253
2,46.028455,-118.388793,16,1.29
2,46.031722,-118.388707,17,1.654
2,46.034855,-118.388647,18,2.002
2,46.035073,-118.388646,19,2.026
2,46.035886,-118.388635,20,2.117
2,46.037439,-118.388588,21,2.289
2,46.038438,-118.388586,22,2.401
2,46.038443,-118.387485,23,2.486
2,46.038448,-118.386248,24,2.581
2,46.038439,-118.384308,25,2.731
2,46.038433,-118.383514,26,2.792
2,46.039654,-118.383474,27,2.928
2,46.04402,-118.383449,28,3.413
2,46.045674,-118.383465,29,3.597
2,46.045686,-118.384509,30,3.678
2,46.045703,-118.385663,31,3.767
2,46.045702,-118.388275,32,3.969
2,46.045717,-118.390891,33,4.17
2,46.045704,-118.398746,34,4.777
2,46.045737,-118.398945,35,4.792
2,46.045875,-118.399067,36,4.81
2,46.046448,-118.399066,37,4.874
2,46.04826,-118.399047,38,5.076
2,46.049327,-118.399053,39,5.194
2,46.04934,-118.394242,40,5.566
2,46.049339,-118.387876,41,6.057
2,46.04934,-118.385739,42,6.222
2,46.04936,-118.381851,43,6.522
2,46.049366,-118.381449,44,6.553
2,46.049626,-118.379677,45,6.693
2,46.049872,-118.378138,46,6.815
2,46.049483,-118.378155,47,6.858
2,46.048729,-118.378174,48,6.942
2,46.048166,-118.37818,49,7.004
2,46.045663,-118.37825,50,7.283
2,46.044848,-118.378264,51,7.373
2,46.044033,-118.37825,52,7.464
2,46.042211,-118.378263,53,7.667
2,46.038644,-118.378266,54,8.063
2,46.037791,-118.37826,55,8.158
2,46.03678,-118.378257,56,8.27
2,46.03594,-118.378235,57,8.364
2,46.034955,-118.378254,58,8.473
2,46.034941,-118.379408,59,8.562
2,46.034913,-118.38325,60,8.859
2,46.034307,-118.383261,61,8.926
r6new,46.066135,-118.342303,1,0
r6new,46.063977,-118.34057,2,0.275
r6new,46.063097,-118.342785,3,0.472
r6new,46.061792,-118.346107,4,0.766
r6new,46.061392,-118.347088,5,0.854
r6new,46.061195,-118.346924,6,0.879
r6new,46.060536,-118.346403,7,0.963
r6new,46.060239,-118.346159,8,1.001
r6new,46.060121,-118.346097,9,1.015
r6new,46.059281,-118.346101,10,1.108
r6new,46.057542,-118.346105,11,1.302
r6new,46.055661,-118.346091,12,1.511
r6new,46.054165,-118.346094,13,1.677
r6new,46.053235,-118.346102,14,1.78
r6new,46.05255,-118.346126,15,1.857
r6new,46.051954,-118.34622,16,1.923
r6new,46.051565,-118.346348,17,1.968
r6new,46.051196,-118.346555,18,2.012
r6new,46.05101,-118.346695,19,2.035
r6new,46.051082,-118.347141,20,2.07
r6new,46.05103,-118.347303,21,2.084
r6new,46.050887,-118.347485,22,2.105
r6new,46.050236,-118.347967,23,2.187
r6new,46.050093,-118.348134,24,2.207
r6new,46.049961,-118.348376,25,2.231
r6new,46.049751,-118.348802,26,2.271
r6new,46.049685,-118.348988,27,2.287
r6new,46.047419,-118.354991,28,2.815
r6new,46.046383,-118.357735,29,3.056
r6new,46.045945,-118.357401,30,3.111
r6new,46.045617,-118.357153,31,3.152
r6new,46.045524,-118.357151,32,3.163
r6new,46.045472,-118.357083,33,3.17
r6new,46.045523,-118.356988,34,3.18
r6new,46.045588,-118.357009,35,3.187
r6new,46.045613,-118.357152,36,3.198
r6new,46.046385,-118.357734,37,3.295
r6new,46.045658,-118.359634,38,3.463
r6new,46.04523,-118.360727,39,3.56
r6new,46.045066,-118.361026,40,3.589
r6new,46.044255,-118.362101,41,3.712
r6new,46.043972,-118.362576,42,3.76
r6new,46.043702,-118.36323,43,3.819
r6new,46.043429,-118.36397,44,3.883
r6new,46.043264,-118.364377,45,3.92
r6new,46.042762,-118.365702,46,4.036
r6new,46.041621,-118.368803,47,4.307
r6new,46.041482,-118.36921,48,4.342
r6new,46.041266,-118.36906,49,4.369
r6new,46.041432,-118.368532,50,4.413
r6new,46.041662,-118.368692,51,4.442
r6new,46.042226,-118.367104,52,4.58
r6new,46.043272,-118.364385,53,4.819
r6new,46.04511,-118.365758,54,5.05
r6new,46.046188,-118.366545,55,5.184
r6new,46.047566,-118.367516,56,5.355
r6new,46.048566,-118.368128,57,5.475
r6new,46.049185,-118.36855,58,5.552
r6new,46.052702,-118.371179,59,5.992
r6new,46.052882,-118.370509,60,6.048
r6new,46.053369,-118.368821,61,6.189
r6new,46.054003,-118.366598,62,6.374
r6new,46.054335,-118.365271,63,6.483
r6new,46.05442,-118.36472,64,6.527
r6new,46.055428,-118.361223,65,6.819
r6new,46.055606,-118.360806,66,6.857
r6new,46.0557,-118.36057,67,6.878
r6new,46.056084,-118.359266,68,6.987
r6new,46.056132,-118.3591,69,7.001
r6new,46.056061,-118.359051,70,7.009
r6new,46.055912,-118.359009,71,7.026
r6new,46.05561,-118.35922,72,7.064
r6new,46.05546,-118.35923,73,7.08
r6new,46.054795,-118.3588,74,7.161
r6new,46.054701,-118.358821,75,7.172
r6new,46.05455,-118.35893,76,7.191
r6new,46.054122,-118.360137,77,7.295
r6new,46.053839,-118.360534,78,7.339
r6new,46.053572,-118.360703,79,7.372
r6new,46.053286,-118.360682,80,7.404
r6new,46.053122,-118.360619,81,7.422
r6new,46.052446,-118.360125,82,7.507
r6new,46.052301,-118.360224,83,7.525
r6new,46.052421,-118.359883,84,7.554
r6new,46.052421,-118.359888,85,7.554
r6new,46.052445,-118.360123,86,7.573
r6new,46.053122,-118.360619,87,7.657
r6new,46.053283,-118.360685,88,7.676
r6new,46.05357,-118.360696,89,7.708
r6new,46.053834,-118.360533,90,7.74
r6new,46.05412,-118.360137,91,7.784
r6new,46.054546,-118.35893,92,7.888
r6new,46.054701,-118.358821,93,7.907
r6new,46.054795,-118.3588,94,7.918
r6new,46.05546,-118.35923,95,7.999
r6new,46.05561,-118.35922,96,8.016
r6new,46.055917,-118.359005,97,8.054
r6new,46.056061,-118.359051,98,8.07
r6new,46.05613,-118.359095,99,8.079
r6new,46.056706,-118.357034,100,8.25
r6new,46.056997,-118.356128,101,8.327
r6new,46.057124,-118.355716,102,8.362
r6new,46.057431,-118.355271,103,8.41
r6new,46.05806,-118.354854,104,8.487
r6new,46.058316,-118.354598,105,8.522
r6new,46.058468,-118.35434,106,8.548
r6new,46.05883,-118.353469,107,8.626
r6new,46.059291,-118.352306,108,8.73
r6new,46.059813,-118.351046,109,8.843
r6new,46.062433,-118.344476,110,9.428
r6new,46.062948,-118.34318,111,9.543
r6new,46.06395,-118.34063,112,9.769
r6new,46.063975,-118.340565,113,9.775
r6new,46.064296,-118.340836,114,9.816
r6new,46.065383,-118.341693,115,9.954
r6new,46.066067,-118.342249,116,10.041
1E,46.034298,-118.383263,1,0
1E,46.033978,-118.383257,2,0.036
1E,46.033965,-118.382481,3,0.096
1E,46.033771,-118.382312,4,0.121
1E,46.03376,-118.381738,5,0.165
1E,46.033121,-118.38175,6,0.236
1E,46.032721,-118.381523,7,0.284
1E,46.03188,-118.380689,8,0.397
1E,46.028917,-118.386085,9,0.929
1E,46.028743,-118.386353,10,0.957
1E,46.028513,-118.386694,11,0.994
1E,46.028201,-118.38713,12,1.042
1E,46.027847,-118.387518,13,1.091
1E,46.027487,-118.387851,14,1.139
1E,46.027942,-118.388695,15,1.221
1E,46.028108,-118.388764,16,1.241
1E,46.028347,-118.388784,17,1.267
1E,46.031694,-118.388726,18,1.639
1E,46.034842,-118.388656,19,1.99
1E,46.035067,-118.388639,20,2.015
1E,46.037421,-118.388595,21,2.276
1E,46.038683,-118.388582,22,2.417
1E,46.040485,-118.38856,23,2.617
1E,46.043005,-118.388556,24,2.897
1E,46.044505,-118.388533,25,3.064
1E,46.045881,-118.388534,26,3.217
1E,46.046839,-118.388531,27,3.324
1E,46.049366,-118.388517,28,3.605
1E,46.050852,-118.388502,29,3.77
1E,46.052724,-118.388475,30,3.978
1E,46.053281,-118.388473,31,4.04
1E,46.053662,-118.388386,32,4.083
1E,46.053901,-118.388234,33,4.112
1E,46.0541,-118.387926,34,4.144
1E,46.054331,-118.387224,35,4.204
1E,46.054734,-118.385101,36,4.374
1E,46.055026,-118.383644,37,4.491
1E,46.05603,-118.37857,38,4.898
1E,46.056704,-118.37469,39,5.207
1E,46.057044,-118.372651,40,5.369
1E,46.057117,-118.372313,41,5.396
1E,46.057184,-118.372003,42,5.421
1E,46.05722,-118.371797,43,5.438
1E,46.057277,-118.371526,44,5.459
1E,46.057363,-118.37105,45,5.497
1E,46.057466,-118.370596,46,5.534
1E,46.0576,-118.370046,47,5.579
1E,46.057742,-118.369465,48,5.627
1E,46.057992,-118.368602,49,5.699
1E,46.058283,-118.367588,50,5.784
1E,46.059085,-118.364705,51,6.023
1E,46.059839,-118.362247,52,6.231
1E,46.059959,-118.361814,53,6.267
1E,46.060665,-118.359382,54,6.47
1E,46.060904,-118.358516,55,6.542
1E,46.061239,-118.357373,56,6.638
1E,46.061586,-118.356128,57,6.741
1E,46.061735,-118.355636,58,6.783
1E,46.061918,-118.354958,59,6.839
1E,46.062029,-118.354042,60,6.91
1E,46.062379,-118.353062,61,6.995
1E,46.063427,-118.350442,62,7.229
1E,46.063073,-118.350178,63,7.273
1E,46.06267,-118.34986,64,7.324
1E,46.062581,-118.349787,65,7.336
1E,46.06273,-118.349406,66,7.369
1E,46.063316,-118.34793,67,7.501
1E,46.064343,-118.345384,68,7.728
1E,46.064755,-118.344356,69,7.819
1E,46.065169,-118.34332,70,7.912
1E,46.065992,-118.344017,71,8.018
1E,46.066539,-118.342666,72,8.138
1E,46.066131,-118.342339,73,8.19
1E,46.065692,-118.341942,74,8.248
1E,46.066204,-118.340671,75,8.361
1E,46.06644,-118.34007,76,8.415
1E,46.067243,-118.338095,77,8.591
1E,46.067378,-118.33793,78,8.611
1E,46.067525,-118.337759,79,8.632
1E,46.067969,-118.337299,80,8.693
1E,46.068717,-118.33651,81,8.796
1E,46.069934,-118.33518,82,8.966
1E,46.071324,-118.333638,83,9.161
1E,46.071454,-118.333503,84,9.178
1E,46.072559,-118.332322,85,9.331
1E,46.072781,-118.332129,86,9.36
1E,46.072956,-118.332067,87,9.38
1E,46.072954,-118.331028,88,9.46
1E,46.072977,-118.33053,89,9.499
1E,46.072994,-118.330089,90,9.533
1E,46.073052,-118.329216,91,9.601
1E,46.073242,-118.326806,92,9.788
1E,46.073275,-118.326553,93,9.808
1E,46.073564,-118.324176,94,9.994
1E,46.073686,-118.323165,95,10.073
1E,46.073896,-118.32134,96,10.216
1E,46.074028,-118.320384,97,10.291
1E,46.074111,-118.320063,98,10.317
1E,46.074235,-118.319774,99,10.343
1E,46.07448,-118.319288,100,10.39
1E,46.074642,-118.31862,101,10.444
1E,46.07478,-118.318004,102,10.494
1E,46.074949,-118.317254,103,10.555
1E,46.074956,-118.316441,104,10.618
1E,46.075025,-118.311738,105,10.981
1E,46.075037,-118.30936,106,11.164
1E,46.07507,-118.308343,107,11.243
1E,46.075087,-118.307621,108,11.298
1E,46.075136,-118.307011,109,11.346
1E,46.075232,-118.306472,110,11.389
1E,46.075285,-118.306168,111,11.413
1E,46.075644,-118.30449,112,11.548
1E,46.076314,-118.301504,113,11.79
1E,46.076753,-118.299517,114,11.951
1E,46.076554,-118.299458,115,11.974
1E,46.076509,-118.299617,116,11.987
1E,46.076423,-118.300029,117,12.02
1E,46.076354,-118.300361,118,12.047
1E,46.07632,-118.300561,119,12.063
1E,46.076504,-118.300637,120,12.084
1E,46.077104,-118.297959,121,12.301
1E,46.077702,-118.295228,122,12.522
1E,46.077939,-118.294074,123,12.615
1E,46.080784,-118.281269,124,13.652
1E,46.081642,-118.277372,125,13.967
1E,46.082089,-118.27536,126,14.13
1E,46.08216,-118.274982,127,14.161
1E,46.080794,-118.274943,128,14.313
1E,46.080394,-118.274969,129,14.357
1E,46.080183,-118.275277,130,14.39
1E,46.080171,-118.276063,131,14.451
1E,46.07932,-118.27637,132,14.549
1E,46.07924,-118.27639,133,14.558
1E,46.07921,-118.27632,134,14.564
1E,46.0793,-118.2762,135,14.578
1E,46.07988,-118.27597,136,14.645
1W+,46.06614,-118.34231,1,0
1W+,46.065692,-118.341943,2,0.057
1W+,46.064763,-118.344333,3,0.269
1W+,46.063099,-118.348483,4,0.638
1W+,46.061255,-118.346978,5,0.874
1W+,46.060538,-118.346403,6,0.965
1W+,46.060177,-118.346124,7,1.011
1W+,46.060114,-118.346094,8,1.018
1W+,46.059264,-118.346104,9,1.113
1W+,46.058115,-118.34609,10,1.241
1W+,46.05758,-118.346087,11,1.3
1W+,46.055669,-118.346097,12,1.513
1W+,46.05416,-118.346107,13,1.68
1W+,46.053543,-118.346089,14,1.749
1W+,46.052382,-118.346163,15,1.878
1W+,46.052091,-118.346212,16,1.911
1W+,46.05195,-118.3462,17,1.926
1W+,46.051952,-118.346221,18,1.928
1W+,46.051708,-118.346317,19,1.956
1W+,46.051401,-118.346423,20,1.991
1W+,46.051013,-118.346693,21,2.039
1W+,46.050838,-118.346295,22,2.076
1W+,46.05065,-118.346088,23,2.102
1W+,46.050548,-118.346062,24,2.113
1W+,46.049382,-118.346045,25,2.243
1W+,46.049361,-118.346774,26,2.299
1W+,46.049313,-118.346998,27,2.317
1W+,46.049185,-118.347543,28,2.362
1W+,46.049001,-118.347543,29,2.382
1W+,46.048264,-118.347521,30,2.464
1W+,46.048269,-118.346062,31,2.577
1W+,46.049334,-118.34605,32,2.695
1W+,46.05055,-118.346058,33,2.831
1W+,46.05067,-118.346092,34,2.844
1W+,46.050841,-118.346295,35,2.869
1W+,46.051013,-118.346688,36,2.905
1W+,46.051038,-118.346857,37,2.918
1W+,46.051078,-118.347157,38,2.942
1W+,46.051032,-118.347307,39,2.954
1W+,46.050882,-118.347482,40,2.976
1W+,46.050358,-118.347871,41,3.041
1W+,46.050138,-118.348067,42,3.07
1W+,46.049956,-118.348406,43,3.103
1W+,46.049742,-118.348829,44,3.143
1W+,46.049689,-118.348964,45,3.155
1W+,46.049557,-118.349316,46,3.186
1W+,46.047432,-118.354951,47,3.681
1W+,46.045669,-118.35961,48,4.091
1W+,46.045242,-118.36075,49,4.191
1W+,46.045019,-118.36113,50,4.229
1W+,46.044428,-118.361877,51,4.317
1W+,46.044224,-118.362135,52,4.347
1W+,46.043978,-118.362563,53,4.39
1W+,46.043802,-118.362982,54,4.427
1W+,46.043398,-118.364042,55,4.521
1W+,46.042993,-118.365104,56,4.614
1W+,46.042354,-118.366785,57,4.762
1W+,46.041859,-118.368105,58,4.878
1W+,46.041512,-118.369141,59,4.967
1W+,46.041004,-118.370636,60,5.095
1W+,46.04026,-118.372866,61,5.286
1W+,46.039901,-118.373932,62,5.378
1W+,46.039212,-118.375967,63,5.552
1W+,46.038587,-118.377663,64,5.701
1W+,46.038411,-118.378261,65,5.751
1W+,46.037793,-118.378261,66,5.82
1W+,46.036779,-118.378256,67,5.932
1W+,46.03598,-118.378239,68,6.021
1W+,46.034951,-118.378238,69,6.136
1W+,46.034923,-118.38172,70,6.404
1W+,46.034907,-118.383284,71,6.525
1W+,46.034319,-118.383289,72,6.591
1W+,46.033962,-118.383275,73,6.63
1W+,46.033961,-118.382463,74,6.693
1W+,46.033766,-118.382265,75,6.719
1W+,46.033755,-118.381743,76,6.76
1W+,46.034143,-118.38174,77,6.803
1W+,46.034921,-118.381726,78,6.889
1W+,46.034917,-118.382577,79,6.955
1W+,46.034855,-118.388634,80,7.423
1W+,46.036147,-118.388638,81,7.566
1W+,46.037445,-118.388589,82,7.711
1W+,46.03872,-118.388585,83,7.853
1W+,46.040489,-118.388563,84,8.049
1W+,46.042992,-118.388532,85,8.328
1W+,46.04587,-118.38853,86,8.648
1W+,46.04683,-118.388527,87,8.754
1W+,46.050865,-118.388507,88,9.203
1W+,46.052393,-118.388468,89,9.373
1W+,46.05281,-118.388508,90,9.419
1W+,46.053269,-118.388485,91,9.47
1W+,46.05368,-118.388381,92,9.517
1W+,46.05395,-118.388203,93,9.55
1W+,46.054138,-118.387952,94,9.578
1W+,46.054331,-118.387268,95,9.635
1W+,46.055014,-118.383678,96,9.923
1W+,46.055706,-118.380099,97,10.209
1W+,46.056,-118.378547,98,10.333
1W+,46.056696,-118.374712,99,10.639
1W+,46.056995,-118.372955,100,10.779
1W+,46.057196,-118.371923,101,10.862
1W+,46.0573,-118.371407,102,10.903
1W+,46.057427,-118.370752,103,10.956
1W+,46.057801,-118.369331,104,11.073
1W+,46.058303,-118.36762,105,11.216
1W+,46.058537,-118.366813,106,11.284
1W+,46.059129,-118.364732,107,11.457
1W+,46.059825,-118.362292,108,11.661
1W+,46.059951,-118.361867,109,11.696
1W+,46.059512,-118.361696,110,11.747
1W+,46.059316,-118.361555,111,11.771
1W+,46.058811,-118.361207,112,11.834
1W+,46.056131,-118.359108,113,12.173
1W+,46.056528,-118.35768,114,12.291
1W+,46.056999,-118.356088,115,12.425
1W+,46.057117,-118.35571,116,12.457
1W+,46.057419,-118.355286,117,12.504
1W+,46.057655,-118.355114,118,12.533
1W+,46.058084,-118.35484,119,12.585
1W+,46.058369,-118.354548,120,12.624
1W+,46.0586,-118.354052,121,12.67
1W+,46.059301,-118.352319,122,12.825
1W+,46.059816,-118.351031,123,12.94
1W+,46.060877,-118.348368,124,13.177
1W+,46.062573,-118.34978,125,13.395
1W+,46.062754,-118.349352,126,13.433
1W+,46.062793,-118.349255,127,13.442
1W+,46.064789,-118.344276,128,13.886
1W+,46.065692,-118.341943,129,14.092
1W+,46.06614,-118.34231,130,14.149
1W++,46.066138,-118.34232,1,0
1W++,46.065695,-118.341942,2,0.057
1W++,46.065311,-118.34295,3,0.146
1W++,46.065083,-118.343533,4,0.198
1W++,46.064753,-118.344351,5,0.271
1W++,46.064195,-118.345764,6,0.396
1W++,46.063095,-118.348493,7,0.64
1W++,46.061236,-118.34697,8,0.877
1W++,46.060925,-118.346711,9,0.917
1W++,46.060544,-118.346405,10,0.966
1W++,46.060154,-118.346093,11,1.015
1W++,46.060051,-118.346097,12,1.027
1W++,46.059242,-118.346099,13,1.117
1W++,46.055695,-118.346091,14,1.511
1W++,46.054179,-118.346096,15,1.68
1W++,46.053535,-118.346099,16,1.751
1W++,46.05234,-118.34615,17,1.884
1W++,46.051936,-118.34624,18,1.93
1W++,46.051536,-118.346357,19,1.975
1W++,46.051406,-118.34643,20,1.991
1W++,46.051011,-118.346691,21,2.039
1W++,46.050848,-118.346315,22,2.073
1W++,46.050653,-118.346096,23,2.101
1W++,46.050552,-118.346069,24,2.112
1W++,46.049317,-118.346047,25,2.249
1W++,46.049318,-118.346517,26,2.286
1W++,46.049315,-118.346941,27,2.318
1W++,46.049149,-118.347574,28,2.371
1W++,46.048962,-118.347563,29,2.391
1W++,46.048737,-118.347535,30,2.417
1W++,46.048727,-118.346909,31,2.465
1W++,46.049098,-118.346927,32,2.506
1W++,46.049316,-118.34694,33,2.53
1W++,46.049317,-118.346047,34,2.599
1W++,46.050551,-118.346069,35,2.737
1W++,46.050657,-118.346097,36,2.749
1W++,46.050843,-118.346313,37,2.775
1W++,46.051014,-118.346692,38,2.81
1W++,46.051082,-118.347154,39,2.846
1W++,46.051027,-118.347326,40,2.861
1W++,46.050882,-118.347479,41,2.881
1W++,46.05037,-118.347867,42,2.945
1W++,46.050083,-118.348147,43,2.984
1W++,46.049762,-118.348793,44,3.045
1W++,46.049685,-118.34897,45,3.061
1W++,46.047425,-118.354968,46,3.588
1W++,46.045616,-118.359753,47,4.009
1W++,46.045249,-118.360721,48,4.094
1W++,46.045083,-118.361037,49,4.124
1W++,46.044895,-118.361292,50,4.153
1W++,46.044413,-118.361907,51,4.225
1W++,46.044005,-118.362582,52,4.294
1W++,46.043727,-118.363247,53,4.354
1W++,46.043259,-118.364405,54,4.457
1W++,46.042898,-118.365335,55,4.539
1W++,46.042052,-118.367569,56,4.736
1W++,46.04153,-118.369075,57,4.866
1W++,46.041008,-118.370622,58,4.998
1W++,46.040258,-118.372873,59,5.191
1W++,46.039226,-118.375924,60,5.453
1W++,46.038592,-118.377658,61,5.604
1W++,46.038408,-118.378262,62,5.655
1W++,46.037852,-118.378256,63,5.717
1W++,46.036773,-118.378255,64,5.837
1W++,46.035946,-118.378245,65,5.929
1W++,46.034946,-118.378253,66,6.04
1W++,46.034928,-118.381722,67,6.308
1W++,46.034909,-118.383249,68,6.426
1W++,46.034345,-118.383264,69,6.489
1W++,46.033975,-118.383259,70,6.53
1W++,46.033969,-118.382492,71,6.589
1W++,46.033771,-118.382313,72,6.615
1W++,46.033759,-118.381724,73,6.66
1W++,46.034926,-118.381725,74,6.79
1W++,46.034883,-118.385352,75,7.07
1W++,46.034854,-118.388645,76,7.324
1W++,46.035062,-118.388643,77,7.348
1W++,46.036111,-118.388628,78,7.464
1W++,46.037413,-118.388601,79,7.609
1W++,46.03867,-118.388581,80,7.749
1W++,46.040448,-118.388566,81,7.947
1W++,46.042971,-118.388553,82,8.227
1W++,46.045879,-118.388537,83,8.55
1W++,46.04743,-118.388529,84,8.723
1W++,46.048886,-118.388527,85,8.885
1W++,46.050719,-118.388506,86,9.089
1W++,46.052799,-118.388481,87,9.32
1W++,46.053337,-118.388465,88,9.38
1W++,46.053618,-118.388397,89,9.411
1W++,46.053929,-118.388225,90,9.448
1W++,46.05411,-118.387961,91,9.477
1W++,46.054234,-118.387544,92,9.512
1W++,46.054333,-118.387261,93,9.537
1W++,46.055028,-118.383634,94,9.827
1W++,46.055987,-118.378582,95,10.231
1W++,46.056489,-118.375861,96,10.448
1W++,46.05657,-118.375418,97,10.484
1W++,46.056696,-118.374681,98,10.542
1W++,46.057108,-118.372286,99,10.733
1W++,46.057313,-118.371377,100,10.806
1W++,46.057367,-118.371064,101,10.831
1W++,46.05753,-118.370311,102,10.892
1W++,46.057797,-118.369247,103,10.979
1W++,46.058319,-118.367454,104,11.13
1W++,46.05908,-118.364721,105,11.357
1W++,46.059855,-118.362197,106,11.57
1W++,46.059949,-118.361852,107,11.598
1W++,46.059528,-118.361703,108,11.647
1W++,46.058881,-118.361252,109,11.726
1W++,46.056124,-118.359091,110,12.075
1W++,46.057015,-118.356114,111,12.326
1W++,46.057182,-118.355663,112,12.365
1W++,46.057455,-118.355289,113,12.407
1W++,46.058139,-118.354777,114,12.493
1W++,46.058485,-118.354355,115,12.543
1W++,46.059234,-118.352513,116,12.708
1W++,46.059712,-118.351286,117,12.816
1W++,46.060883,-118.348372,118,13.076
1W++,46.062582,-118.349789,119,13.294
1W++,46.06272,-118.349421,120,13.327
1W++,46.064262,-118.345589,121,13.668
1W++,46.064804,-118.344227,122,13.79
1W++,46.065083,-118.343533,123,13.851
1W++,46.065222,-118.343173,124,13.883
1W++,46.065694,-118.341939,125,13.992
1W++,46.066001,-118.342207,126,14.032
1W,46.079848,-118.275854,1,0
1W,46.08018,-118.275748,2,0.038
1W,46.080182,-118.276044,3,0.061
1W,46.080195,-118.278306,4,0.235
1W,46.080114,-118.278798,5,0.274
1W,46.080035,-118.279185,6,0.305
1W,46.079733,-118.280001,7,0.377
1W,46.079558,-118.28049,8,0.419
1W,46.079407,-118.280915,9,0.456
1W,46.079312,-118.281303,10,0.488
1W,46.079272,-118.281588,11,0.51
1W,46.079178,-118.28259,12,0.588
1W,46.079069,-118.283744,13,0.678
1W,46.078196,-118.283725,14,0.775
1W,46.077556,-118.283747,15,0.846
1W,46.076651,-118.283798,16,0.947
1W,46.075645,-118.284014,17,1.06
1W,46.075379,-118.284135,18,1.091
1W,46.075085,-118.28429,19,1.126
1W,46.074521,-118.284778,20,1.199
1W,46.074228,-118.285142,21,1.242
1W,46.071316,-118.288869,22,1.675
1W,46.070943,-118.289347,23,1.73
1W,46.070173,-118.290329,24,1.845
1W,46.069337,-118.291394,25,1.969
1W,46.068304,-118.292726,26,2.123
1W,46.067714,-118.293541,27,2.214
1W,46.067672,-118.29392,28,2.243
1W,46.067673,-118.295458,29,2.362
1W,46.067667,-118.297634,30,2.53
1W,46.06767,-118.299337,31,2.661
1W,46.067648,-118.301218,32,2.806
1W,46.067641,-118.302379,33,2.896
1W,46.067663,-118.304103,34,3.029
1W,46.067663,-118.304364,35,3.049
1W,46.068028,-118.30435,36,3.09
1W,46.068525,-118.304337,37,3.145
1W,46.06902,-118.30436,38,3.2
1W,46.06953,-118.304397,39,3.257
1W,46.069943,-118.304431,40,3.303
1W,46.070099,-118.304403,41,3.32
1W,46.070519,-118.304326,42,3.367
1W,46.07077,-118.30424,43,3.396
1W,46.071125,-118.304091,44,3.437
1W,46.071937,-118.303837,45,3.53
1W,46.07292,-118.303838,46,3.639
1W,46.07392,-118.303861,47,3.75
1W,46.074061,-118.303871,48,3.766
1W,46.074303,-118.3039,49,3.793
1W,46.074557,-118.303998,50,3.822
1W,46.074864,-118.304131,51,3.858
1W,46.075657,-118.304458,52,3.949
1W,46.076309,-118.301503,53,4.189
1W,46.076495,-118.30067,54,4.256
1W,46.07674,-118.299547,55,4.347
1W,46.076534,-118.299481,56,4.37
1W,46.076416,-118.300016,57,4.414
1W,46.076291,-118.300567,58,4.458
1W,46.076496,-118.30066,59,4.482
1W,46.076235,-118.301836,60,4.578
1W,46.076005,-118.30278,61,4.655
1W,46.075657,-118.304467,62,4.791
1W,46.075422,-118.305549,63,4.878
1W,46.075299,-118.306105,64,4.923
1W,46.075096,-118.307678,65,5.046
1W,46.075063,-118.3084,66,5.102
1W,46.07504,-118.309331,67,5.174
1W,46.07502,-118.311991,68,5.379
1W,46.074972,-118.315881,69,5.679
1W,46.074967,-118.31642,70,5.721
1W,46.07495,-118.317239,71,5.784
1W,46.074786,-118.318002,72,5.846
1W,46.074653,-118.318625,73,5.896
1W,46.074481,-118.31928,74,5.95
1W,46.074421,-118.319679,75,5.982
1W,46.074317,-118.320069,76,6.014
1W,46.074092,-118.320063,77,6.039
1W,46.074018,-118.320386,78,6.065
1W,46.073989,-118.320622,79,6.084
1W,46.073911,-118.321204,80,6.129
1W,46.073703,-118.322984,81,6.269
1W,46.07333,-118.326002,82,6.505
1W,46.073172,-118.327506,83,6.622
1W,46.073012,-118.329448,84,6.773
1W,46.072971,-118.329956,85,6.813
1W,46.072935,-118.33043,86,6.849
1W,46.072927,-118.332094,87,6.978
1W,46.072775,-118.332131,88,6.995
1W,46.072526,-118.33235,89,7.027
1W,46.072114,-118.332788,90,7.084
1W,46.071945,-118.332965,91,7.108
1W,46.071299,-118.333644,92,7.196
1W,46.070473,-118.334569,93,7.313
1W,46.069606,-118.335541,94,7.435
1W,46.068716,-118.3365,95,7.558
1W,46.067975,-118.33729,96,7.661
1W,46.067437,-118.337858,97,7.735
1W,46.067387,-118.337926,98,7.743
1W,46.06724,-118.338097,99,7.764
1W,46.066732,-118.339337,100,7.875
1W,46.066209,-118.340656,101,7.992
1W,46.06569,-118.34194,102,8.107
1W,46.06614,-118.34231,103,8.164
1W,46.06614,-118.34231,104,8.164
1W,46.066539,-118.342649,105,8.216
1W,46.065997,-118.344015,106,8.337
1W,46.065169,-118.343316,107,8.444
1W,46.064788,-118.344269,108,8.529
1W,46.064134,-118.345919,109,8.675
1W,46.063756,-118.346838,110,8.758
1W,46.063093,-118.348498,111,8.906
1W,46.06361,-118.348881,112,8.97
1W,46.063953,-118.349163,113,9.014
1W,46.0636,-118.350028,114,9.092
1W,46.06243,-118.352932,115,9.351
1W,46.062046,-118.353995,116,9.443
1W,46.062005,-118.354169,117,9.457
1W,46.061981,-118.354351,118,9.472
1W,46.061964,-118.354492,119,9.483
1W,46.061943,-118.354699,120,9.499
1W,46.061908,-118.354999,121,9.522
1W,46.061558,-118.356222,122,9.624
1W,46.060548,-118.359746,123,9.918
1W,46.060263,-118.360756,124,10.003
1W,46.060097,-118.36136,125,10.053
1W,46.059846,-118.362206,126,10.124
1W,46.058479,-118.367001,127,10.524
1W,46.057836,-118.369208,128,10.708
1W,46.057386,-118.370909,129,10.849
1W,46.057307,-118.371362,130,10.885
1W,46.057181,-118.371929,131,10.931
1W,46.057058,-118.372565,132,10.982
1W,46.056723,-118.374518,133,11.137
1W,46.056085,-118.378068,134,11.42
1W,46.05595,-118.37885,135,11.482
1W,46.055082,-118.3834,136,11.846
1W,46.054819,-118.384675,137,11.949
1W,46.054326,-118.387244,138,12.155
1W,46.054267,-118.387695,139,12.19
1W,46.054098,-118.388235,140,12.236
1W,46.053925,-118.388441,141,12.261
1W,46.053783,-118.388455,142,12.277
1W,46.053613,-118.388471,143,12.295
1W,46.053069,-118.388478,144,12.356
1W,46.052029,-118.388461,145,12.472
1W,46.051775,-118.388491,146,12.5
1W,46.049353,-118.388519,147,12.769
1W,46.046647,-118.388526,148,13.07
1W,46.045073,-118.388541,149,13.245
1W,46.043273,-118.388553,150,13.445
1W,46.041916,-118.388554,151,13.596
1W,46.040236,-118.388562,152,13.783
1W,46.03975,-118.38857,153,13.837
1W,46.037393,-118.388583,154,14.099
1W,46.03677,-118.388603,155,14.168
1W,46.035901,-118.388639,156,14.265
1W,46.034853,-118.388642,157,14.382
1W,46.034862,-118.387064,158,14.503
1W,46.034869,-118.386095,159,14.578
1W,46.03491,-118.383257,160,14.797
1W,46.034362,-118.383258,161,14.858
1W_Assumption,46.079848,-118.275854,1,0
1W_Assumption,46.08018,-118.275748,2,0.038
1W_Assumption,46.080182,-118.276044,3,0.061
1W_Assumption,46.080195,-118.278306,4,0.235
1W_Assumption,46.080114,-118.278798,5,0.274
1W_Assumption,46.080035,-118.279185,6,0.305
1W_Assumption,46.079733,-118.280001,7,0.377
1W_Assumption,46.079558,-118.28049,8,0.419
1W_Assumption,46.079407,-118.280915,9,0.456
1W_Assumption,46.079312,-118.281303,10,0.488
1W_Assumption,46.079272,-118.281588,11,0.51
1W_Assumption,46.079178,-118.28259,12,0.588
1W_Assumption,46.079069,-118.283744,13,0.678
1W_Assumption,46.078196,-118.283725,14,0.775
1W_Assumption,46.077556,-118.283747,15,0.846
1W_Assumption,46.076651,-118.283798,16,0.947
1W_Assumption,46.075645,-118.284014,17,1.06
1W_Assumption,46.075379,-118.284135,18,1.091
1W_Assumption,46.075085,-118.28429,19,1.126
1W_Assumption,46.074521,-118.284778,20,1.199
1W_Assumption,46.074228,-118.285142,21,1.242
1W_Assumption,46.071316,-118.288869,22,1.675
1W_Assumption,46.070943,-118.289347,23,1.73
1W_Assumption,46.070173,-118.290329,24,1.845
1W_Assumption,46.069472,-118.291232,25,1.949
1W_Assumption,46.06875,-118.290118,26,2.067
1W_Assumption,46.068425,-118.28994,27,2.106
1W_Assumption,46.068296,-118.289885,28,2.12
1W_Assumption,46.067635,-118.289874,29,2.194
1W_Assumption,46.067641,-118.290919,30,2.275
1W_Assumption,46.067656,-118.291906,31,2.351
1W_Assumption,46.067722,-118.293533,32,2.477
1W_Assumption,46.067672,-118.29392,33,2.507
1W_Assumption,46.067673,-118.295458,34,2.626
1W_Assumption,46.067667,-118.297634,35,2.793
1W_Assumption,46.06767,-118.299337,36,2.925
1W_Assumption,46.067648,-118.301218,37,3.07
1W_Assumption,46.067641,-118.302379,38,3.159
1W_Assumption,46.067663,-118.304103,39,3.293
1W_Assumption,46.067663,-118.304364,40,3.313
1W_Assumption,46.068028,-118.30435,41,3.353
1W_Assumption,46.068525,-118.304337,42,3.409
1W_Assumption,46.06902,-118.30436,43,3.464
1W_Assumption,46.06966,-118.304403,44,3.535
1W_Assumption,46.069968,-118.304437,45,3.569
1W_Assumption,46.070101,-118.304408,46,3.584
1W_Assumption,46.070519,-118.304326,47,3.631
1W_Assumption,46.07077,-118.30424,48,3.66
1W_Assumption,46.071125,-118.304091,49,3.701
1W_Assumption,46.071937,-118.303837,50,3.793
1W_Assumption,46.07292,-118.303838,51,3.903
1W_Assumption,46.07392,-118.303861,52,4.014
1W_Assumption,46.074061,-118.303871,53,4.029
1W_Assumption,46.074303,-118.3039,54,4.056
1W_Assumption,46.074557,-118.303998,55,4.086
1W_Assumption,46.074864,-118.304131,56,4.121
1W_Assumption,46.075657,-118.304458,57,4.213
1W_Assumption,46.076309,-118.301503,58,4.452
1W_Assumption,46.076495,-118.30067,59,4.52
1W_Assumption,46.076734,-118.299575,60,4.608
1W_Assumption,46.076534,-118.299481,61,4.632
1W_Assumption,46.076416,-118.300016,62,4.675
1W_Assumption,46.076291,-118.300567,63,4.72
1W_Assumption,46.076496,-118.30066,64,4.744
1W_Assumption,46.076235,-118.301836,65,4.839
1W_Assumption,46.076025,-118.302798,66,4.917
1W_Assumption,46.075657,-118.304467,67,5.052
1W_Assumption,46.075422,-118.305549,68,5.139
1W_Assumption,46.075299,-118.306105,69,5.184
1W_Assumption,46.075096,-118.307678,70,5.308
1W_Assumption,46.075063,-118.3084,71,5.363
1W_Assumption,46.07504,-118.309331,72,5.435
1W_Assumption,46.07502,-118.311991,73,5.64
1W_Assumption,46.074972,-118.315881,74,5.941
1W_Assumption,46.074967,-118.31642,75,5.982
1W_Assumption,46.07495,-118.317239,76,6.045
1W_Assumption,46.074786,-118.318002,77,6.107
1W_Assumption,46.074653,-118.318625,78,6.157
1W_Assumption,46.074481,-118.31928,79,6.211
1W_Assumption,46.074399,-118.319739,80,6.248
1W_Assumption,46.074317,-118.320069,81,6.275
1W_Assumption,46.074092,-118.320063,82,6.3
1W_Assumption,46.074018,-118.320386,83,6.326
1W_Assumption,46.073989,-118.320622,84,6.345
1W_Assumption,46.073911,-118.321204,85,6.39
1W_Assumption,46.073687,-118.323173,86,6.544
1W_Assumption,46.07333,-118.326002,87,6.766
1W_Assumption,46.073172,-118.327506,88,6.883
1W_Assumption,46.073012,-118.329448,89,7.034
1W_Assumption,46.072958,-118.330085,90,7.084
1W_Assumption,46.072935,-118.33043,91,7.111
1W_Assumption,46.072927,-118.332094,92,7.239
1W_Assumption,46.072775,-118.332131,93,7.256
1W_Assumption,46.072526,-118.33235,94,7.288
1W_Assumption,46.072114,-118.332788,95,7.345
1W_Assumption,46.071897,-118.333028,96,7.376
1W_Assumption,46.071299,-118.333644,97,7.458
1W_Assumption,46.070473,-118.334569,98,7.574
1W_Assumption,46.069606,-118.335541,99,7.696
1W_Assumption,46.068656,-118.336571,100,7.828
1W_Assumption,46.067975,-118.33729,101,7.922
1W_Assumption,46.067437,-118.337858,102,7.996
1W_Assumption,46.067387,-118.337926,103,8.004
1W_Assumption,46.06724,-118.338097,104,8.025
1W_Assumption,46.066732,-118.339337,105,8.136
1W_Assumption,46.066209,-118.340656,106,8.253
1W_Assumption,46.06569,-118.34194,107,8.368
1W_Assumption,46.06614,-118.34231,108,8.425
1W_Assumption,46.06614,-118.34231,109,8.425
1W_Assumption,46.066539,-118.342649,110,8.477
1W_Assumption,46.065997,-118.344015,111,8.598
1W_Assumption,46.065169,-118.343316,112,8.705
1W_Assumption,46.064788,-118.344269,113,8.79
1W_Assumption,46.064134,-118.345919,114,8.936
1W_Assumption,46.063756,-118.346838,115,9.019
1W_Assumption,46.063093,-118.348498,116,9.167
1W_Assumption,46.06361,-118.348881,117,9.231
1W_Assumption,46.063953,-118.349163,118,9.275
1W_Assumption,46.0636,-118.350028,119,9.353
1W_Assumption,46.06243,-118.352932,120,9.612
1W_Assumption,46.062046,-118.353995,121,9.704
1W_Assumption,46.062005,-118.354169,122,9.718
1W_Assumption,46.061981,-118.354351,123,9.733
1W_Assumption,46.061964,-118.354492,124,9.744
1W_Assumption,46.061943,-118.354699,125,9.76
1W_Assumption,46.061908,-118.354999,126,9.783
1W_Assumption,46.061558,-118.356222,127,9.885
1W_Assumption,46.060548,-118.359746,128,10.18
1W_Assumption,46.060263,-118.360756,129,10.264
1W_Assumption,46.060097,-118.36136,130,10.314
1W_Assumption,46.059846,-118.362206,131,10.385
1W_Assumption,46.058479,-118.367001,132,10.785
1W_Assumption,46.057836,-118.369208,133,10.97
1W_Assumption,46.057386,-118.370909,134,11.11
1W_Assumption,46.057307,-118.371362,135,11.146
1W_Assumption,46.057181,-118.371929,136,11.192
1W_Assumption,46.057058,-118.372565,137,11.243
1W_Assumption,46.056723,-118.374518,138,11.398
1W_Assumption,46.056085,-118.378068,139,11.681
1W_Assumption,46.05595,-118.37885,140,11.743
1W_Assumption,46.055082,-118.3834,141,12.107
1W_Assumption,46.054819,-118.384675,142,12.21
1W_Assumption,46.054326,-118.387244,143,12.416
1W_Assumption,46.054267,-118.387695,144,12.451
1W_Assumption,46.054098,-118.388235,145,12.497
1W_Assumption,46.053925,-118.388441,146,12.522
1W_Assumption,46.053783,-118.388455,147,12.538
1W_Assumption,46.053613,-118.388471,148,12.557
1W_Assumption,46.053069,-118.388478,149,12.617
1W_Assumption,46.052029,-118.388461,150,12.733
1W_Assumption,46.051775,-118.388491,151,12.761
1W_Assumption,46.049353,-118.388519,152,13.03
1W_Assumption,46.046647,-118.388526,153,13.331
1W_Assumption,46.045053,-118.388541,154,13.509
1W_Assumption,46.043273,-118.388553,155,13.706
1W_Assumption,46.041916,-118.388554,156,13.857
1W_Assumption,46.040236,-118.388562,157,14.044
1W_Assumption,46.03975,-118.38857,158,14.098
1W_Assumption,46.037393,-118.388583,159,14.36
1W_Assumption,46.03677,-118.388603,160,14.43
1W_Assumption,46.035901,-118.388639,161,14.526
1W_Assumption,46.034853,-118.388642,162,14.643
1W_Assumption,46.034862,-118.387064,163,14.765
1W_Assumption,46.034869,-118.386095,164,14.839
1W_Assumption,46.03491,-118.383257,165,15.059
1W_Assumption,46.034362,-118.383258,166,15.119
