route_id,service_id,trip_id,trip_headsign,trip_short_name,direction_id,block_id,shape_id,wheelchair_accessible,bikes_allowed
3853,747,209396,X Covid 2022,,0,,5401,0,0
3847,765,209353,KS Covid Saturday 2022,,0,,9850,0,0
3854,748,209274,Z Covid 2022,,0,,5600,0,0
3853,747,209393,X Covid 2022,,0,,5401,0,0
3849,764,209233,NPL Covid Weekend 2022,,0,,9862,0,0
4066,765,209359,KS Covid Saturday 2022,,0,,9851,0,0
3850,747,209252,R Covid 2022,,0,,8069,0,0
4065,748,209163,EU Covid 2022,,0,,5592,0,0
11936,753,209190,Blue Covid 2022,,0,,9658,0,0
11935,756,209179,Red Covid Saturday 2022,,0,,9878,0,0
3847,765,209354,KS Covid Saturday 2022,,0,,9850,0,0
4073,765,209288,Z Covid Saturday 2022,,0,,5598,0,0
3851,700,204334,UPL  Regular Sunday 2021,,0,,9774,0,0
11937,753,209201,Yellow Covid 2022,,0,,9879,0,0
3853,747,209397,X Covid 2022,,0,,5401,0,0
3849,747,209409,NPL Covid 2022,,0,,9862,0,0
4073,765,209290,Z Covid Saturday 2022,,0,,5598,0,0
4066,748,209344,KS Covid 2022,,0,,5594,0,0
11935,753,209172,Red Covid 2022,,0,,9872,0,0
3850,747,209253,R Covid 2022,,0,,8069,0,0
3850,747,209249,R Covid 2022,,0,,8069,0,0
11937,756,209217,Yellow Covid Saturday 2022,,0,,9879,0,0
4067,765,209391,UPL  Covid Saturday 2022,,0,,9776,0,0
3849,764,209240,NPL Covid Weekend 2022,,0,,9861,0,0
3848,748,209124,Mall Covid 2022,,0,,9869,0,0
4070,747,209264,R Covid 2022,,0,,5587,0,0
11937,753,209200,Yellow Covid 2022,,0,,9879,0,0
11935,753,209174,Red Covid 2022,,0,,9872,0,0
11936,756,209407,Blue Covid Saturday 2022,,0,,9658,0,0
3847,765,209355,KS Covid Saturday 2022,,0,,9850,0,0
3854,748,209270,Z Covid 2022,,0,,5600,0,0
4069,765,209320,KPL Covid Saturday 2022,,0,,9782,0,0
4073,748,209275,Z Covid 2022,,0,,5596,0,0
4066,748,209345,KS Covid 2022,,0,,9857,0,0
3849,747,209144,NPL Covid 2022,,0,,9862,0,0
4066,765,209358,KS Covid Saturday 2022,,0,,9851,0,0
11937,753,209202,Yellow Covid 2022,,0,,9879,0,0
11936,753,209187,Blue Covid 2022,,0,,9658,0,0
3854,765,209285,Z Covid Saturday 2022,,0,,5600,0,0
4069,748,209303,KPL Covid 2022,,0,,9783,0,0
4071,747,209150,W Covid 2022,,0,,9695,0,0
3845,748,209153,EU Covid 2022,,0,,5412,0,0
4070,747,209259,R Covid 2022,,0,,5587,0,0
3845,748,209159,EU Covid 2022,,0,,9793,0,0
3851,765,209386,UPL  Covid Saturday 2022,,0,,9774,0,0
3847,748,209324,KS Covid 2022,,0,,5595,0,0
4073,748,209280,Z Covid 2022,,0,,5598,0,0
11935,753,209176,Red Covid 2022,,0,,9659,0,0
4067,700,204340,UPL  Regular Sunday 2021,,0,,9777,0,0
4069,748,209302,KPL Covid 2022,,0,,9783,0,0
3854,765,209283,Z Covid Saturday 2022,,0,,5396,0,0
4066,765,209360,KS Covid Saturday 2022,,0,,9851,0,0
4067,747,209377,UPL  Covid 2022,,0,,8074,0,0
3847,765,209356,KS Covid Saturday 2022,,0,,9850,0,0
3849,764,209236,NPL Covid Weekend 2022,,0,,9862,0,0
3848,748,209120,Mall Covid 2022,,0,,9869,0,0
3844,747,209224,CL Covid 2022,,0,,5400,0,0
4067,700,204341,UPL  Regular Sunday 2021,,0,,9777,0,0
3850,747,209246,R Covid 2022,,0,,5399,0,0
3845,748,209154,EU Covid 2022,,0,,5412,0,0
11937,756,209212,Yellow Covid Saturday 2022,,0,,9879,0,0
3846,765,209313,KPL Covid Saturday 2022,,0,,9785,0,0
4067,747,209379,UPL  Covid 2022,,0,,8074,0,0
3854,748,209267,Z Covid 2022,,0,,5396,0,0
3851,765,209383,UPL  Covid Saturday 2022,,0,,9774,0,0
3847,748,209325,KS Covid 2022,,0,,5595,0,0
3845,748,209151,EU Covid 2022,,0,,5412,0,0
3846,765,209312,KPL Covid Saturday 2022,,0,,9785,0,0
4067,747,209376,UPL  Covid 2022,,0,,8074,0,0
3846,765,209315,KPL Covid Saturday 2022,,0,,9785,0,0
4072,747,209400,X Covid 2022,,0,,5590,0,0
4067,765,209388,UPL  Covid Saturday 2022,,0,,9778,0,0
4073,765,209289,Z Covid Saturday 2022,,0,,5598,0,0
4066,748,209338,KS Covid 2022,,0,,5594,0,0
4065,748,209164,EU Covid 2022,,0,,5579,0,0
11937,756,209214,Yellow Covid Saturday 2022,,0,,9879,0,0
11936,753,209186,Blue Covid 2022,,0,,9658,0,0
4066,748,209352,KS Covid 2022,,0,,9792,0,0
4069,765,209317,KPL Covid Saturday 2022,,0,,9782,0,0
11936,753,209185,Blue Covid 2022,,0,,9658,0,0
3849,764,209241,NPL Covid Weekend 2022,,0,,9861,0,0
3847,748,209336,KS Covid 2022,,0,,9786,0,0
4071,747,209148,W Covid 2022,,0,,9695,0,0
3849,747,209128,NPL Covid 2022,,0,,9861,0,0
3850,747,209254,R Covid 2022,,0,,5399,0,0
4072,747,209399,X Covid 2022,,0,,5590,0,0
3846,765,209314,KPL Covid Saturday 2022,,0,,9785,0,0
3845,748,209157,EU Covid 2022,,0,,5593,0,0
3847,748,209323,KS Covid 2022,,0,,5595,0,0
3849,764,209243,NPL Covid Weekend 2022,,0,,9861,0,0
3850,765,209364,R Covid 2022,,1,,5399,0,0
4070,747,209262,R Covid 2022,,0,,8070,0,0
3849,747,209138,NPL Covid 2022,,0,,9862,0,0
11937,753,209205,Yellow Covid 2022,,0,,9879,0,0
3854,765,209286,Z Covid Saturday 2022,,0,,5600,0,0
11935,756,209180,Red Covid Saturday 2022,,0,,9878,0,0
3851,765,209384,UPL  Covid Saturday 2022,,0,,9774,0,0
4066,765,209361,KS Covid Saturday 2022,,0,,9851,0,0
3850,747,209256,R Covid 2022,,0,,5399,0,0
3850,747,209250,R Covid 2022,,0,,5399,0,0
4070,747,209261,R Covid 2022,,0,,8070,0,0
3845,748,209156,EU Covid 2022,,0,,5412,0,0
3851,765,209387,UPL  Covid Saturday 2022,,0,,9774,0,0
11936,756,209404,Blue Covid Saturday 2022,,0,,9658,0,0
3849,764,209242,NPL Covid Weekend 2022,,0,,9861,0,0
3845,765,209292,E Covid Saturday 2022,,0,,9692,0,0
4065,748,209162,EU Covid 2022,,0,,5592,0,0
3847,748,209335,KS Covid 2022,,0,,9786,0,0
3849,747,209135,NPL Covid 2022,,0,,9862,0,0
4072,747,209402,X Covid 2022,,0,,5590,0,0
11935,756,209177,Red Covid Saturday 2022,,0,,9878,0,0
4069,748,209304,KPL Covid 2022,,0,,9849,0,0
4066,765,209362,KS Covid Saturday 2022,,0,,9851,0,0
4066,748,209351,KS Covid 2022,,0,,9792,0,0
4069,748,209300,KPL Covid 2022,,0,,9783,0,0
3849,747,209142,NPL Covid 2022,,0,,9862,0,0
3854,765,209284,Z Covid Saturday 2022,,0,,5600,0,0
11935,756,209182,Red Covid Saturday 2022,,0,,9878,0,0
4067,700,204338,UPL  Regular Sunday 2021,,0,,9776,0,0
3844,747,209223,CL Covid 2022,,0,,5400,0,0
4067,700,204339,UPL  Regular Sunday 2021,,0,,9776,0,0
3848,748,209123,Mall Covid 2022,,0,,9869,0,0
4070,765,209366,R Covid 2022,,1,,8070,0,0
11937,756,209216,Yellow Covid Saturday 2022,,0,,9879,0,0
3844,747,209222,CL Covid 2022,,0,,5400,0,0
4066,748,209342,KS Covid 2022,,0,,5594,0,0
3845,765,209291,E Covid Saturday 2022,,0,,9692,0,0
3851,700,204337,UPL  Regular Sunday 2021,,0,,9775,0,0
4066,748,209347,KS Covid 2022,,0,,9858,0,0
3854,748,209268,Z Covid 2022,,0,,5396,0,0
3845,748,209152,EU Covid 2022,,0,,5412,0,0
11937,753,209207,Yellow Covid 2022,,0,,9879,0,0
4065,765,209297,E Covid Saturday 2022,,0,,9690,0,0
3851,747,209373,UPL  Covid 2022,,0,,9774,0,0
11936,753,209193,Blue Covid 2022,,0,,9658,0,0
3852,747,209145,W Covid 2022,,0,,9694,0,0
4070,747,209265,R Covid 2022,,0,,5587,0,0
3847,748,209330,KS Covid 2022,,0,,9854,0,0
4070,747,209266,R Covid 2022,,0,,5587,0,0
11936,756,209405,Blue Covid Saturday 2022,,0,,9658,0,0
4073,748,209276,Z Covid 2022,,0,,5596,0,0
3847,748,209331,KS Covid 2022,,0,,9855,0,0
3846,748,209309,KPL Covid 2022,,0,,9677,0,0
4073,748,209277,Z Covid 2022,,0,,5598,0,0
4069,748,209301,KPL Covid 2022,,0,,9783,0,0
3849,747,209137,NPL Covid 2022,,0,,9862,0,0
3849,747,209141,NPL Covid 2022,,0,,9862,0,0
4065,748,209167,EU Covid 2022,,0,,9797,0,0
3848,748,209125,Mall Covid 2022,,0,,9870,0,0
3854,748,209272,Z Covid 2022,,0,,5600,0,0
3849,764,209239,NPL Covid Weekend 2022,,0,,9861,0,0
4065,748,209165,EU Covid 2022,,0,,9798,0,0
11935,756,209181,Red Covid Saturday 2022,,0,,9878,0,0
3854,748,209269,Z Covid 2022,,0,,5600,0,0
4072,747,209401,X Covid 2022,,0,,5590,0,0
3849,764,209238,NPL Covid Weekend 2022,,0,,9861,0,0
4071,747,209149,W Covid 2022,,0,,9695,0,0
4072,747,209398,X Covid 2022,,0,,5590,0,0
3847,748,209329,KS Covid 2022,,0,,5595,0,0
3847,765,209357,KS Covid Saturday 2022,,0,,9850,0,0
3849,764,209235,NPL Covid Weekend 2022,,0,,9862,0,0
3846,748,209305,KPL Covid 2022,,0,,9676,0,0
3853,747,209395,X Covid 2022,,0,,5401,0,0
3849,764,209231,NPL Covid Weekend 2022,,0,,9862,0,0
3854,748,209273,Z Covid 2022,,0,,5600,0,0
4073,765,209287,Z Covid Saturday 2022,,0,,5591,0,0
4070,747,209260,R Covid 2022,,0,,5587,0,0
3849,747,209134,NPL Covid 2022,,0,,9862,0,0
3844,747,209220,CL Covid 2022,,0,,5400,0,0
3844,747,209219,CL Covid 2022,,0,,5400,0,0
3847,748,209332,KS Covid 2022,,0,,9853,0,0
3844,747,209221,CL Covid 2022,,0,,5400,0,0
4067,747,209381,UPL  Covid 2022,,0,,8074,0,0
11936,753,209192,Blue Covid 2022,,0,,9658,0,0
4067,747,209380,UPL  Covid 2022,,0,,8074,0,0
3852,747,209147,W Covid 2022,,0,,9694,0,0
4066,748,209349,KS Covid 2022,,0,,9859,0,0
4066,748,209341,KS Covid 2022,,0,,5594,0,0
11937,753,209208,Yellow Covid 2022,,0,,9879,0,0
3849,747,209133,NPL Covid 2022,,0,,9861,0,0
3845,748,209158,EU Covid 2022,,0,,9793,0,0
4068,747,209225,CL Covid 2022,,0,,5583,0,0
4067,747,209382,UPL  Covid 2022,,0,,9778,0,0
4073,748,209281,Z Covid 2022,,0,,5598,0,0
3851,747,209368,UPL  Covid 2022,,0,,9774,0,0
11936,756,209406,Blue Covid Saturday 2022,,0,,9658,0,0
4065,765,209295,E Covid Saturday 2022,,0,,9690,0,0
3849,747,209139,NPL Covid 2022,,0,,9862,0,0
11937,753,209203,Yellow Covid 2022,,0,,9879,0,0
3851,700,204335,UPL  Regular Sunday 2021,,0,,9774,0,0
4070,747,209258,R Covid 2022,,0,,5587,0,0
4070,765,209365,R Covid 2022,,1,,8070,0,0
3847,748,209322,KS Covid 2022,,0,,9853,0,0
3845,765,209294,E Covid Saturday 2022,,0,,9692,0,0
4066,748,209340,KS Covid 2022,,0,,5594,0,0
4067,747,209375,UPL  Covid 2022,,0,,8075,0,0
3849,747,209131,NPL Covid 2022,,0,,9861,0,0
3845,765,209293,E Covid Saturday 2022,,0,,9692,0,0
3847,748,209326,KS Covid 2022,,0,,5595,0,0
3849,747,209132,NPL Covid 2022,,0,,9861,0,0
3851,747,209374,UPL  Covid 2022,,0,,9774,0,0
11935,753,209173,Red Covid 2022,,0,,9872,0,0
3852,747,209146,W Covid 2022,,0,,9694,0,0
4065,748,209160,EU Covid 2022,,0,,5592,0,0
4068,747,209228,CL Covid 2022,,0,,5583,0,0
4070,747,209263,R Covid 2022,,0,,5587,0,0
11936,753,209184,Blue Covid 2022,,0,,9658,0,0
11937,753,209209,Yellow Covid 2022,,0,,9879,0,0
4066,748,209350,KS Covid 2022,,0,,9859,0,0
3849,764,209245,NPL Covid Weekend 2022,,0,,9861,0,0
3847,748,209328,KS Covid 2022,,0,,5595,0,0
3850,747,209247,R Covid 2022,,0,,5399,0,0
4073,748,209278,Z Covid 2022,,0,,5598,0,0
11937,756,209215,Yellow Covid Saturday 2022,,0,,9879,0,0
11937,756,209210,Yellow Covid Saturday 2022,,0,,9879,0,0
4069,765,209318,KPL Covid Saturday 2022,,0,,9782,0,0
4066,748,209348,KS Covid 2022,,0,,9859,0,0
4068,747,209227,CL Covid 2022,,0,,5583,0,0
3850,765,209363,R Covid 2022,,1,,5399,0,0
11937,756,209213,Yellow Covid Saturday 2022,,0,,9879,0,0
3849,747,209129,NPL Covid 2022,,0,,9861,0,0
3849,764,209237,NPL Covid Weekend 2022,,0,,9862,0,0
11936,753,209188,Blue Covid 2022,,0,,9658,0,0
3849,764,209234,NPL Covid Weekend 2022,,0,,9862,0,0
3849,747,209143,NPL Covid 2022,,0,,9862,0,0
3848,748,209122,Mall Covid 2022,,0,,9869,0,0
3854,748,209271,Z Covid 2022,,0,,5600,0,0
3846,748,209308,KPL Covid 2022,,0,,9677,0,0
4066,748,209346,KS Covid 2022,,0,,9857,0,0
3850,747,209255,R Covid 2022,,0,,5399,0,0
11936,753,209189,Blue Covid 2022,,0,,9658,0,0
3853,747,209394,X Covid 2022,,0,,5401,0,0
11936,753,209191,Blue Covid 2022,,0,,9658,0,0
3849,764,209244,NPL Covid Weekend 2022,,0,,9861,0,0
4065,765,209296,E Covid Saturday 2022,,0,,9690,0,0
3851,747,209372,UPL  Covid 2022,,0,,9774,0,0
3845,748,209155,EU Covid 2022,,0,,5412,0,0
3849,747,209126,NPL Covid 2022,,0,,9861,0,0
3849,747,209130,NPL Covid 2022,,0,,9861,0,0
3849,764,209230,NPL Covid Weekend 2022,,0,,9862,0,0
3848,748,209119,Mall Covid 2022,,0,,9869,0,0
3846,765,209311,KPL Covid Saturday 2022,,0,,9785,0,0
4068,747,209229,CL Covid 2022,,0,,5583,0,0
11935,756,209183,Red Covid Saturday 2022,,0,,9878,0,0
11935,753,209175,Red Covid 2022,,0,,9872,0,0
11935,756,209178,Red Covid Saturday 2022,,0,,9878,0,0
3846,748,209310,KPL Covid 2022,,0,,9677,0,0
3846,748,209307,KPL Covid 2022,,0,,9677,0,0
3850,747,209248,R Covid 2022,,0,,8069,0,0
3849,747,209127,NPL Covid 2022,,0,,9861,0,0
3851,747,209371,UPL  Covid 2022,,0,,9774,0,0
4066,748,209339,KS Covid 2022,,0,,5594,0,0
11935,753,209171,Red Covid 2022,,0,,9872,0,0
4067,765,209389,UPL  Covid Saturday 2022,,0,,9776,0,0
4069,765,209316,KPL Covid Saturday 2022,,0,,9782,0,0
11935,753,209169,Red Covid 2022,,0,,9872,0,0
4068,747,209226,CL Covid 2022,,0,,5583,0,0
11935,753,209170,Red Covid 2022,,0,,9872,0,0
4067,765,209392,UPL  Covid Saturday 2022,,0,,9778,0,0
11937,753,209206,Yellow Covid 2022,,0,,9879,0,0
3846,748,209306,KPL Covid 2022,,0,,9676,0,0
11936,756,209403,Blue Covid Saturday 2022,,0,,9658,0,0
4066,748,209337,KS Covid 2022,,0,,5594,0,0
3848,748,209121,Mall Covid 2022,,0,,9869,0,0
11937,756,209211,Yellow Covid Saturday 2022,,0,,9879,0,0
3851,700,204336,UPL  Regular Sunday 2021,,0,,9775,0,0
11936,756,209408,Blue Covid Saturday 2022,,0,,9658,0,0
4065,765,209298,E Covid Saturday 2022,,0,,9690,0,0
3851,747,209370,UPL  Covid 2022,,0,,9774,0,0
3851,765,209385,UPL  Covid Saturday 2022,,0,,9774,0,0
4065,748,209168,EU Covid 2022,,0,,9796,0,0
3851,747,209367,UPL  Covid 2022,,0,,8072,0,0
11937,756,209218,Yellow Covid Saturday 2022,,0,,9879,0,0
3850,747,209251,R Covid 2022,,0,,5399,0,0
4073,748,209282,Z Covid 2022,,0,,5598,0,0
3847,748,209333,KS Covid 2022,,0,,9853,0,0
4069,748,209299,KPL Covid 2022,,0,,9848,0,0
3847,748,209327,KS Covid 2022,,0,,5595,0,0
4066,748,209343,KS Covid 2022,,0,,9856,0,0
4073,748,209279,Z Covid 2022,,0,,5598,0,0
4065,748,209166,EU Covid 2022,,0,,9798,0,0
3849,747,209136,NPL Covid 2022,,0,,9862,0,0
4067,765,209390,UPL  Covid Saturday 2022,,0,,9776,0,0
3851,747,209369,UPL  Covid 2022,,0,,9774,0,0
3849,764,209232,NPL Covid Weekend 2022,,0,,9862,0,0
11937,753,209204,Yellow Covid 2022,,0,,9879,0,0
3847,748,209334,KS Covid 2022,,0,,9853,0,0
4065,748,209161,EU Covid 2022,,0,,5592,0,0
4070,747,209257,R Covid 2022,,0,,5587,0,0
3847,748,209321,KS Covid 2022,,0,,9853,0,0
4069,765,209319,KPL Covid Saturday 2022,,0,,9782,0,0
4067,747,209378,UPL  Covid 2022,,0,,8074,0,0
